x	y	s=1	s=2	s=3
0.01	1.06552	1.06653	1.09988	1.10743
0.02	1.14415	1.06754	1.05821	1.05327
0.03	0.987044	0.991938	0.982169	0.979668
0.04	0.821777	0.921232	0.923347	0.928518
0.05	0.928005	0.949981	0.938195	0.934677
0.06	1.0383	1.0007	0.981599	0.969598
0.07	1.07108	1.01383	0.998252	0.991731
0.08	0.882377	0.969716	0.989552	1.0036
0.09	0.9711	1.01294	1.02972	1.04015
0.1	1.2196	1.098	1.08581	1.07781
0.11	1.08685	1.06145	1.06624	1.06467
0.12	0.953181	0.999505	1.01325	1.01983
0.13	0.940764	0.983884	0.989642	0.990863
0.14	1.0536	1.01138	0.998188	0.989134
0.15	1.01471	0.996667	0.992765	0.991803
0.16	0.883738	0.963908	0.982667	0.993875
0.17	1.08455	1.01132	0.999131	0.995817
0.18	1.02097	0.985495	0.974465	0.96826
0.19	0.867197	0.924198	0.926398	0.926833
0.2	0.869657	0.919901	0.919162	0.918271
0.21	0.992571	0.965848	0.957789	0.953807
0.22	0.962967	0.985071	0.997807	1.00221
0.23	1.0871	1.0264	1.02952	1.03141
0.24	1.06197	1.00702	1.00841	1.01142
0.25	0.864582	0.932705	0.947508	0.956418
0.26	0.956025	0.926509	0.913422	0.911192
0.27	0.817122	0.890796	0.88983	0.887048
0.28	0.974992	0.928758	0.903013	0.889524
0.29	0.918666	0.920486	0.906541	0.901285
0.3	0.826065	0.914033	0.925968	0.934946
0.31	0.995213	0.995549	0.998969	1.00042
0.32	1.20508	1.0774	1.06332	1.0549
0.33	0.99768	1.03157	1.05303	1.06169
0.34	0.96066	1.01964	1.04388	1.0543
0.35	1.16376	1.06669	1.05632	1.05028
0.36	0.987559	1.01666	1.02754	1.02917
0.37	0.968674	0.995726	1.0022	1.00399
0.38	1.06956	1.00185	0.984988	0.97934
0.39	0.862067	0.940257	0.947036	0.951004
0.4	0.972853	0.956856	0.944067	0.940971
0.41	0.955291	0.957457	0.946829	0.942178
0.42	0.941224	0.960224	0.954858	0.952206
0.43	0.993009	0.981991	0.976149	0.975092
0.44	0.946013	0.992741	1.00507	1.01004
0.45	1.0804	1.05022	1.05284	1.05108
0.46	1.17241	1.07751	1.07162	1.06886
0.47	0.913603	1.00991	1.04116	1.05643
0.48	1.0661	1.03861	1.04197	1.0457
0.49	1.11003	1.03982	1.027	1.02034
0.5	0.918228	0.970827	0.973372	0.971594
0.51	0.943062	0.954431	0.941191	0.93354
0.52	0.94165	0.949404	0.935439	0.928815
0.53	0.864585	0.95213	0.962966	0.967613
0.54	1.11642	1.0424	1.03683	1.03719
0.55	1.07604	1.05866	1.07172	1.07855
0.56	1.1112	1.05753	1.06189	1.06611
0.57	1.00362	1.00273	1.00593	1.00821
0.58	0.869304	0.94704	0.951742	0.95005
0.59	1.01525	0.969086	0.944908	0.931633
0.6	0.877872	0.944967	0.948575	0.950195
0.61	0.95941	0.987943	0.996234	1.00345
0.62	1.15372	1.05945	1.05067	1.04919
0.63	1.0576	1.03669	1.03785	1.03722
0.64	1.00447	0.99303	0.986772	0.985307
0.65	0.837969	0.937927	0.946211	0.950653
0.66	0.948124	0.982782	0.982627	0.980914
0.67	1.1186	1.06229	1.05424	1.04611
0.68	1.15264	1.0855	1.08477	1.08319
0.69	0.996277	1.04157	1.06229	1.07341
0.7	1.0865	1.04292	1.04276	1.04719
0.71	0.920901	1.00069	1.01611	1.01956
0.72	1.13916	1.03826	1.01603	1.00267
0.73	0.908126	0.974923	0.980992	0.979074
0.74	0.992504	0.978385	0.972619	0.973609
0.75	0.913938	0.967727	0.979651	0.988836
0.76	1.03814	1.01086	1.01072	1.0114
0.77	1.12634	1.02671	1.00875	0.999491
0.78	0.907695	0.942931	0.944067	0.945247
0.79	0.785919	0.894387	0.904605	0.910351
0.8	0.970205	0.954311	0.941921	0.934824
0.81	1.04843	0.998341	0.988883	0.983353
0.82	0.976545	0.992283	1.00665	1.01606
0.83	0.989274	1.00196	1.01592	1.02387
0.84	1.12435	1.02433	1.00729	0.998835
0.85	0.925094	0.94668	0.944714	0.943947
0.86	0.742404	0.890615	0.909218	0.917545
0.87	1.04809	0.982762	0.962195	0.952215
0.88	1.06878	1.00958	0.998231	0.992542
0.89	0.895847	0.9772	0.997804	1.008
0.9	1.12165	1.02617	1.01194	1.00997
0.91	0.914741	0.979668	0.989721	0.992527
0.92	1.02058	0.998091	0.989915	0.985345
0.93	0.965223	0.994026	0.996325	0.99499
0.94	1.00727	1.01876	1.02341	1.02394
0.95	1.09666	1.05499	1.05455	1.05441
0.96	1.06601	1.04956	1.05694	1.06191
0.97	0.998836	1.02767	1.03993	1.04551
0.98	1.09421	1.03461	1.02191	1.01582
0.99	0.949176	0.981961	0.980182	0.978912
1	0.90234	0.962094	0.964368	0.966866
1.01	1.01372	1.00198	0.99307	0.989949
1.02	1.04842	1.03013	1.02286	1.01853
1.03	1.09027	1.03998	1.03098	1.0295
1.04	0.891446	0.999544	1.0202	1.02898
1.05	1.14785	1.06721	1.0526	1.04504
1.06	1.02997	1.05423	1.06149	1.05973
1.07	1.07138	1.0655	1.07543	1.07866
1.08	1.03777	1.07089	1.09146	1.09767
1.09	1.23007	1.10941	1.10257	1.09937
1.1	0.97864	1.02727	1.04806	1.05689
1.11	1.00323	0.99377	0.994765	0.997614
1.12	0.955738	0.950807	0.940054	0.936075
1.13	0.882088	0.902912	0.889783	0.885239
1.14	0.823165	0.875842	0.865488	0.862099
1.15	0.912496	0.901449	0.881008	0.873625
1.16	0.895222	0.916009	0.907861	0.905863
1.17	0.947262	0.951355	0.949052	0.951972
1.18	0.999463	0.990795	0.994948	1.00138
1.19	1.00317	1.02157	1.03412	1.03961
1.2	1.16939	1.07074	1.05967	1.05277
1.21	0.964211	1.02126	1.03373	1.03399
1.22	1.03484	1.02882	1.02815	1.02632
1.23	0.972016	1.03036	1.04526	1.04896
1.24	1.13532	1.09024	1.0941	1.09331
1.25	1.15894	1.10503	1.11043	1.11045
1.26	1.10542	1.06591	1.07126	1.0756
1.27	0.921811	0.987294	1.00212	1.01054
1.28	0.986304	0.974157	0.962664	0.957594
1.29	0.955435	0.948874	0.932279	0.923708
1.3	0.853509	0.917029	0.913971	0.91334
1.31	0.977116	0.948705	0.933906	0.932593
1.32	0.891894	0.95197	0.957791	0.961639
1.33	1.11365	1.01531	0.99454	0.986969
1.34	0.931822	0.980314	0.987171	0.989122
1.35	0.971089	0.993808	0.997812	1.00016
1.36	1.03689	1.03002	1.03324	1.03444
1.37	1.04231	1.05937	1.07351	1.07674
1.38	1.19668	1.10577	1.10234	1.09941
1.39	1.06095	1.06127	1.07221	1.07703
1.4	0.967029	1.0171	1.02998	1.03562
1.41	1.05934	1.02299	1.01122	1.00447
1.42	0.978844	0.992532	0.988576	0.984079
1.43	0.911257	0.975762	0.982806	0.982724
1.44	1.11844	1.0235	1.00494	0.99809
1.45	0.910899	0.976287	0.994445	1.00418
1.46	0.981675	0.994466	1.00431	1.00968
1.47	1.15803	1.02543	1.00398	0.995978
1.48	0.827104	0.923809	0.940235	0.948437
1.49	0.910229	0.918889	0.913934	0.915726
1.5	0.906045	0.922627	0.912791	0.90705
1.51	0.995753	0.942949	0.920819	0.910745
1.52	0.841723	0.910466	0.915286	0.918351
1.53	0.919462	0.946725	0.948391	0.949702
1.54	1.08405	1.01025	0.998772	0.993001
1.55	0.966624	0.999969	1.01614	1.02153
1.56	1.02466	1.02303	1.03547	1.04058
1.57	1.1244	1.04447	1.04225	1.04337
1.58	0.897939	0.985985	1.01113	1.02183
1.59	1.11251	1.01554	0.998921	0.99333
1.6	0.890312	0.948135	0.949232	0.946345
1.61	0.957886	0.938549	0.919266	0.910055
1.62	0.830397	0.909626	0.907306	0.904731
1.63	0.974346	0.959933	0.950252	0.948175
1.64	0.96488	0.995827	1.0081	1.01431
1.65	1.13321	1.06267	1.06493	1.06614
1.66	1.11869	1.05897	1.06161	1.06247
1.67	0.966205	0.995539	1.00731	1.01414
1.68	0.919612	0.961447	0.968252	0.973156
1.69	0.931844	0.969189	0.969563	0.965566
1.7	1.12021	1.01428	0.987729	0.972321
1.71	0.886467	0.953432	0.961517	0.963648
1.72	0.93921	0.959551	0.962174	0.967158
1.73	0.995502	0.986011	0.985899	0.988065
1.74	1.01347	1.00298	1.00593	1.00658
1.75	1.06007	1.00946	1.00509	1.00324
1.76	0.928729	0.965325	0.97378	0.976862
1.77	0.94424	0.957787	0.95734	0.955497
1.78	0.980534	0.963795	0.956079	0.950655
1.79	0.933603	0.953065	0.957201	0.959613
1.8	0.931845	0.961797	0.972364	0.978986
1.81	1.0869	1.00048	0.989629	0.988427
1.82	0.929249	0.952746	0.956537	0.960334
1.83	0.928941	0.928509	0.917901	0.91669
1.84	0.86083	0.90384	0.891246	0.887444
1.85	0.91047	0.922181	0.905134	0.899965
1.86	0.855713	0.952233	0.957715	0.95625
1.87	1.20285	1.07881	1.05247	1.03675
1.88	1.06491	1.08133	1.09089	1.09368
1.89	1.04608	1.10028	1.12482	1.14489
1.9	1.1906	1.17344	1.18015	1.20159
1.91	1.33169	1.22944	1.20402	1.22489
1.92	1.11448	1.18318	1.15401	1.18118
1.93	1.15376	1.20562	1.11537	1.10837
1.94	1.18342	1.27993	1.13385	1.0755
1.95	1.27569	1.45074	1.29354	1.20889
1.96	1.42228	1.79662	1.72815	1.67306
1.97	2.32414	2.51682	2.55351	2.54357
1.98	3.597	3.42971	3.57957	3.61322
1.99	4.79258	4.1753	4.38693	4.44891
2	4.85382	4.30361	4.5736	4.66797
2.01	4.06378	3.8817	4.14326	4.23077
2.02	3.47502	3.27772	3.3798	3.38956
2.03	2.31484	2.47644	2.48762	2.45154
2.04	1.56326	1.83676	1.76637	1.70889
2.05	1.31945	1.47058	1.34289	1.28332
2.06	1.1349	1.25552	1.14091	1.10731
2.07	1.17999	1.16109	1.06073	1.05107
2.08	0.995468	1.04775	0.996647	1.01321
2.09	0.922415	0.986695	0.962217	0.984021
2.1	0.980262	0.989921	0.969815	0.979627
2.11	1.00803	1.00281	0.992015	0.994049
2.12	0.992047	1.01047	1.01184	1.01278
2.13	1.08616	1.03655	1.02833	1.02576
2.14	0.986944	1.01301	1.02072	1.02637
2.15	0.974171	1.01554	1.0261	1.03114
2.16	1.11907	1.05944	1.04774	1.03908
2.17	1.06607	1.04372	1.03704	1.03044
2.18	0.949801	1.00564	1.01668	1.0224
2.19	0.965768	1.02339	1.03838	1.04482
2.2	1.20945	1.09877	1.08701	1.08035
2.21	1.06531	1.06346	1.07479	1.07708
2.22	1.00768	1.02631	1.0364	1.04033
2.23	1.06334	1.00779	0.99704	0.995271
2.24	0.801837	0.933731	0.953195	0.961379
2.25	1.09246	0.991561	0.967645	0.95948
2.26	0.891674	0.948491	0.951813	0.95076
2.27	1.03135	0.962239	0.941938	0.935307
2.28	0.815058	0.906876	0.914119	0.917674
2.29	0.95462	0.943331	0.933866	0.931527
2.3	0.973027	0.968497	0.967631	0.968246
2.31	0.963363	0.989133	1.00262	1.00815
2.32	1.1131	1.03554	1.03143	1.02863
2.33	1.02147	1.00438	1.0074	1.00747
2.34	0.910956	0.956135	0.965559	0.971014
2.35	0.933717	0.953068	0.954989	0.957815
2.36	0.952165	0.969353	0.970175	0.968286
2.37	1.09462	1.00282	0.984329	0.974425
2.38	0.881027	0.944501	0.952652	0.95363
2.39	0.973447	0.94965	0.940639	0.938632
2.4	0.860429	0.931004	0.942158	0.947235
2.41	1.00267	0.982932	0.983884	0.98466
2.42	1.08951	1.01512	1.01077	1.01108
2.43	0.947254	0.972922	0.98654	0.995932
2.44	0.958202	0.956392	0.953679	0.954283
2.45	0.976902	0.938052	0.915372	0.904678
2.46	0.774499	0.880861	0.879333	0.875732
2.47	0.930456	0.930032	0.914804	0.908775
2.48	0.924868	0.978779	0.986192	0.988276
2.49	1.19176	1.08144	1.07356	1.0735
2.5	1.04592	1.07377	1.09563	1.10851
2.51	1.17449	1.09396	1.08936	1.09548
2.52	0.956795	1.03363	1.04196	1.04994
2.53	1.06013	1.05013	1.02579	1.01837
2.54	1.01689	1.05663	1.02804	1.017
2.55	1.07748	1.10288	1.07021	1.0636
2.56	1.06358	1.17452	1.16269	1.16763
2.57	1.41138	1.35711	1.32313	1.32038
2.58	1.4639	1.48542	1.47006	1.47131
2.59	1.68694	1.63525	1.61025	1.60843
2.6	1.57912	1.7334	1.74435	1.74769
2.61	2.12033	1.98583	1.94967	1.92968
2.62	1.94456	2.10376	2.13828	2.13802
2.63	2.50091	2.3809	2.39296	2.3861
2.64	2.52458	2.53802	2.60271	2.61332
2.65	2.86634	2.70857	2.76452	2.77473
2.66	2.80401	2.72136	2.79725	2.8159
2.67	2.69657	2.6515	2.72156	2.73647
2.68	2.66611	2.53656	2.56487	2.56214
2.69	2.21156	2.29207	2.32962	2.32853
2.7	2.17512	2.1281	2.11946	2.10498
2.71	1.84375	1.91712	1.92001	1.91429
2.72	1.76528	1.7795	1.77254	1.76956
2.73	1.69454	1.6561	1.64204	1.64073
2.74	1.50413	1.49426	1.48625	1.49178
2.75	1.28578	1.32254	1.31543	1.32219
2.76	1.20618	1.18758	1.1577	1.15455
2.77	0.967535	1.03403	1.01154	1.00984
2.78	0.867837	0.946982	0.923913	0.919165
2.79	0.968169	0.939076	0.897754	0.883765
2.8	0.88875	0.902078	0.87994	0.877436
2.81	0.771247	0.878407	0.887756	0.900208
2.82	1.03678	0.961895	0.947298	0.947654
2.83	1.00693	0.970499	0.968155	0.968871
2.84	0.926808	0.942671	0.949396	0.953424
2.85	0.927053	0.930707	0.928867	0.929172
2.86	0.89752	0.922398	0.921823	0.922026
2.87	0.905332	0.938965	0.941708	0.942327
2.88	1.05242	0.989167	0.977659	0.973339
2.89	0.948811	0.976114	0.982442	0.984255
2.9	1.01858	0.990365	0.983581	0.980189
2.91	0.960205	0.976402	0.974969	0.9731
2.92	0.939562	0.978634	0.985498	0.988143
2.93	1.00393	1.01994	1.02929	1.03164
2.94	1.15734	1.07725	1.07455	1.07196
2.95	1.07224	1.05448	1.0641	1.06894
2.96	1.00134	1.01396	1.02355	1.03104
2.97	0.964278	0.986054	0.986655	0.987166
2.98	0.996032	0.979925	0.964972	0.955102
2.99	0.934483	0.95769	0.947669	0.939715
3	0.935962	0.958661	0.954979	0.954017
3.01	0.925965	0.98233	0.993946	0.999307
3.02	1.17258	1.06236	1.0526	1.05054
3.03	1.00279	1.03218	1.05099	1.05974
3.04	1.09615	1.0314	1.02915	1.03281
3.05	0.886214	0.965854	0.978885	0.984215
3.06	1.02947	0.979953	0.959035	0.948659
3.07	0.908041	0.944536	0.93575	0.92946
3.08	0.884267	0.945613	0.945621	0.944865
3.09	1.04402	1.00804	0.99753	0.993596
3.1	1.03781	1.03447	1.039	1.0418
3.11	1.08544	1.05758	1.06405	1.07058
3.12	1.0428	1.05281	1.06551	1.07315
3.13	1.08223	1.05806	1.05759	1.05593
3.14	1.05585	1.03914	1.03178	1.02479
3.15	0.957311	1.00351	1.00423	1.00165
3.16	0.986276	1.01407	1.01515	1.01477
3.17	1.04234	1.05242	1.05784	1.05802
3.18	1.17783	1.10085	1.09671	1.09441
3.19	1.09856	1.07229	1.08067	1.08824
3.2	0.941947	1.01748	1.03977	1.05278
3.21	1.1081	1.03819	1.02193	1.01466
3.22	0.98405	0.988985	0.977264	0.967866
3.23	0.875393	0.944718	0.942044	0.938569
3.24	0.97388	0.969776	0.959335	0.956574
3.25	0.913879	0.990729	1.00555	1.01053
3.26	1.24193	1.08853	1.07164	1.06633
3.27	0.983219	1.03294	1.0569	1.06824
3.28	1.06245	1.02707	1.03091	1.03659
3.29	0.957346	0.985811	0.989561	0.989992
3.3	0.993384	0.973019	0.960296	0.952474
3.31	0.882254	0.939864	0.93834	0.934802
3.32	0.987667	0.964317	0.952004	0.948444
3.33	0.921204	0.965421	0.973515	0.978614
3.34	1.02786	1.01074	1.01076	1.00987
3.35	1.16197	1.03894	1.01933	1.0125
3.36	0.803461	0.944122	0.971881	0.98627
3.37	1.01797	0.989959	0.983751	0.986275
3.38	1.02632	1.00779	1.00184	0.999214
3.39	0.980183	1.00708	1.00726	1.00254
3.4	1.13593	1.03327	1.00563	0.991891
3.41	0.811973	0.956788	0.975461	0.981418
3.42	1.0226	1.02513	1.02558	1.02647
3.43	1.1372	1.09599	1.10131	1.10224
3.44	1.15042	1.12565	1.14502	1.15187
3.45	1.22729	1.13053	1.13495	1.13836
3.46	0.997133	1.03864	1.05474	1.06166
3.47	0.989885	0.988264	0.980367	0.977056
3.48	0.871188	0.936266	0.930217	0.924716
3.49	0.953932	0.949346	0.932184	0.923757
3.5	0.922896	0.95784	0.955137	0.953462
3.51	1.05951	1.00128	0.989692	0.98804
3.52	0.963939	0.986483	0.994222	1.0012
3.53	0.996631	0.994233	0.99692	1.00132
3.54	1.01925	0.999585	0.995697	0.99508
3.55	0.959299	0.985271	0.988172	0.988446
3.56	0.981723	0.99693	0.99552	0.992277
3.57	1.08381	1.0238	1.01004	1.00379
3.58	0.887454	0.990646	1.01024	1.01718
3.59	1.14811	1.06069	1.04838	1.04476
3.6	1.01954	1.04331	1.05397	1.05812
3.61	1.05157	1.04971	1.05621	1.059
3.62	1.08618	1.05424	1.0499	1.0468
3.63	1.02645	1.02683	1.02518	1.02474
3.64	0.942503	0.999798	1.00848	1.0133
3.65	1.02511	1.03006	1.0275	1.02446
3.66	1.17107	1.06528	1.04398	1.03408
3.67	0.876674	0.994698	1.01724	1.02518
3.68	1.08864	1.04214	1.03371	1.03048
3.69	1.07146	1.0431	1.03925	1.03804
3.7	0.942592	1.01568	1.03466	1.0453
3.71	1.13108	1.06136	1.05294	1.05507
3.72	1.0386	1.03731	1.035	1.03804
3.73	1.00368	1.01198	0.999927	0.997967
3.74	0.975597	0.994952	0.97037	0.960947
3.75	0.955306	0.997278	0.97275	0.964025
3.76	0.924463	1.04158	1.03871	1.03816
3.77	1.27256	1.20299	1.18245	1.1765
3.78	1.30692	1.29483	1.30392	1.31142
3.79	1.38329	1.37457	1.39318	1.40518
3.8	1.53491	1.4456	1.44329	1.44463
3.81	1.38604	1.42731	1.43742	1.4403
3.82	1.4084	1.45029	1.45037	1.44748
3.83	1.51408	1.51516	1.50555	1.49697
3.84	1.54513	1.5811	1.58439	1.58004
3.85	1.74826	1.68302	1.67689	1.6726
3.86	1.72906	1.71969	1.73374	1.74211
3.87	1.68524	1.74699	1.77705	1.7895
3.88	1.97233	1.83603	1.82422	1.8154
3.89	1.76518	1.78879	1.80084	1.79943
3.9	1.70283	1.76514	1.7806	1.78368
3.91	1.83724	1.80381	1.80155	1.79942
3.92	1.78047	1.80906	1.82395	1.82786
3.93	1.90962	1.84289	1.84375	1.84192
3.94	1.82496	1.81	1.81342	1.81009
3.95	1.82599	1.76213	1.75131	1.74774
3.96	1.4429	1.65042	1.68731	1.70065
3.97	1.86108	1.74622	1.726	1.71374
3.98	1.77005	1.72716	1.72753	1.72153
3.99	1.63728	1.6652	1.68713	1.6963
4	1.65059	1.63117	1.64257	1.64898
4.01	1.59689	1.57771	1.58175	1.5815
4.02	1.53886	1.50508	1.50059	1.49814
4.03	1.31996	1.39866	1.41016	1.41525
4.04	1.39281	1.37095	1.35978	1.35567
4.05	1.3368	1.32138	1.3086	1.30234
4.06	1.24489	1.2564	1.24878	1.24723
4.07	1.1624	1.20291	1.2007	1.20311
4.08	1.19842	1.18995	1.18084	1.18096
4.09	1.16018	1.16851	1.16738	1.16957
4.1	1.14898	1.1554	1.15609	1.15597
4.11	1.20959	1.1487	1.13554	1.12832
4.12	1.02519	1.08112	1.08717	1.08827
4.13	1.08624	1.06946	1.06648	1.07026
4.14	0.92976	1.04102	1.067	1.07952
4.15	1.27847	1.12384	1.10198	1.09322
4.16	1.08288	1.05204	1.04748	1.04559
4.17	0.870712	0.949399	0.956015	0.962807
4.18	0.874933	0.925444	0.915509	0.912657
4.19	0.976196	0.952	0.928585	0.916881
4.2	0.893033	0.954359	0.957286	0.955636
4.21	1.07365	1.01805	1.01127	1.00966
4.22	1.04138	1.02613	1.03594	1.04316
4.23	0.987144	1.01895	1.03907	1.04923
4.24	1.14424	1.04359	1.0339	1.03137
4.25	0.904243	0.967577	0.981726	0.98674
4.26	0.92603	0.954898	0.954172	0.95149
4.27	1.05234	0.971086	0.945393	0.933225
4.28	0.772028	0.906021	0.921396	0.925974
4.29	1.05968	0.97495	0.955137	0.950615
4.3	0.90572	0.959149	0.970204	0.976181
4.31	1.0277	0.996776	0.994727	0.995114
4.32	1.06772	1.00348	0.992352	0.989457
4.33	0.860357	0.94594	0.9597	0.967505
4.34	0.978246	0.973983	0.968758	0.96787
4.35	0.993282	0.997764	0.992169	0.985281
4.36	1.08193	1.02603	1.01207	1.00353
4.37	0.93495	0.998388	1.0117	1.01807
4.38	1.02086	1.03419	1.04417	1.05053
4.39	1.12778	1.08331	1.08584	1.08496
4.4	1.13464	1.08796	1.08977	1.08709
4.41	1.05638	1.04594	1.05095	1.05329
4.42	0.920126	0.993488	1.00926	1.01674
4.43	1.02374	1.01439	1.00999	1.00602
4.44	1.10147	1.02595	1.00933	1.00065
4.45	0.86802	0.961995	0.977195	0.98314
4.46	1.06879	0.992013	0.975647	0.973474
4.47	0.853867	0.945252	0.957573	0.962631
4.48	1.07672	0.989878	0.969006	0.961311
4.49	0.892107	0.947661	0.952268	0.953312
4.5	0.959665	0.960997	0.957399	0.957678
4.51	0.976881	0.975665	0.974275	0.975435
4.52	0.974441	0.989118	0.995039	0.997538
4.53	1.0461	1.01725	1.01444	1.01083
4.54	1.07675	1.01652	1.00663	1.00253
4.55	0.843928	0.955569	0.977414	0.987895
4.56	1.0316	1.00626	1.00273	1.00248
4.57	1.07943	1.0316	1.02501	1.0203
4.58	0.98394	1.00911	1.01558	1.01593
4.59	1.06274	1.0118	1.00018	0.997409
4.6	0.889441	0.963556	0.972907	0.980138
4.61	0.96166	0.989424	0.990401	0.992648
4.62	1.11394	1.04306	1.02585	1.01711
4.63	1.01548	1.02581	1.0237	1.02053
4.64	1.00767	1.01888	1.01647	1.01688
4.65	0.981548	1.02316	1.02849	1.0325
4.66	1.05739	1.06906	1.07528	1.07644
4.67	1.18334	1.12662	1.12539	1.12011
4.68	1.1763	1.12746	1.12951	1.12779
4.69	1.0519	1.07945	1.09628	1.10626
4.7	0.986213	1.05899	1.08111	1.09119
4.71	1.21502	1.11132	1.09506	1.08497
4.72	1.08693	1.05994	1.05426	1.04894
4.73	0.889518	0.981566	0.994824	1.00061
4.74	0.997704	0.995242	0.98554	0.980765
4.75	1.05247	1.00646	0.989881	0.98268
4.76	0.908905	0.971656	0.983489	0.992338
4.77	1.00112	0.999608	1.00459	1.01175
4.78	1.08112	1.02605	1.01684	1.01251
4.79	1.05263	0.997414	0.980397	0.972692
4.8	0.810999	0.913564	0.919729	0.924507
4.81	0.872852	0.93228	0.931523	0.933246
4.82	1.01898	1.01042	1.00374	0.996335
4.83	1.1889	1.08001	1.06567	1.05588
4.84	1.00154	1.0407	1.06184	1.07163
4.85	1.01115	1.04056	1.06001	1.07124
4.86	1.13645	1.06984	1.06765	1.06759
4.87	1.01169	1.0325	1.04337	1.04616
4.88	1.02488	1.01598	1.01457	1.01243
4.89	1.01117	0.990553	0.976966	0.970547
4.9	0.914175	0.94451	0.93661	0.936354
4.91	0.835807	0.928801	0.93374	0.938009
4.92	1.05852	1.00609	0.986167	0.975979
4.93	1.09717	1.03094	1.01376	1.00521
4.94	0.901269	0.989562	1.00876	1.01949
4.95	1.01586	1.03648	1.04679	1.05329
4.96	1.20188	1.10401	1.096	1.09165
4.97	1.02814	1.07367	1.09359	1.09822
4.98	1.16592	1.08886	1.08265	1.0808
4.99	0.962429	1.02699	1.04084	1.04663
5	1.01817	1.02967	1.02906	1.02777
5.01	1.09087	1.04385	1.02981	1.02132
5.02	0.964296	1.01101	1.0147	1.01385
5.03	1.06167	1.02489	1.01641	1.0155
5.04	0.927117	1.00198	1.01722	1.02445
5.05	1.12969	1.05394	1.04467	1.04096
5.06	1.01923	1.03014	1.03618	1.03527
5.07	1.04811	1.01725	1.01423	1.0128
5.08	0.928082	0.973503	0.984305	0.990593
5.09	0.929685	0.975176	0.985793	0.989909
5.1	1.14658	1.02234	1.00185	0.99338
5.11	0.872447	0.945265	0.95954	0.964752
5.12	0.972439	0.941008	0.930629	0.928833
5.13	0.871825	0.905321	0.899806	0.898232
5.14	0.892467	0.903129	0.893567	0.892419
5.15	0.881602	0.911598	0.910425	0.913161
5.16	0.940428	0.950064	0.947794	0.946383
5.17	1.10496	0.998167	0.974268	0.963965
5.18	0.857053	0.939476	0.95107	0.957109
5.19	0.920344	0.96321	0.970119	0.975658
5.2	1.04175	1.02981	1.02932	1.02642
5.21	1.18088	1.08446	1.07679	1.07153
5.22	0.945987	1.04271	1.07309	1.08218
5.23	1.22602	1.09767	1.08288	1.07695
5.24	0.942074	1.02427	1.0437	1.05081
5.25	1.04286	1.03307	1.03623	1.04038
5.26	0.995214	1.03208	1.03955	1.04
5.27	1.21401	1.06797	1.03934	1.02668
5.28	0.81797	0.95781	0.976968	0.982436
5.29	1.03359	0.987491	0.968471	0.961498
5.3	0.934255	0.971072	0.970882	0.970167
5.31	0.930851	0.991472	1.00636	1.01113
5.32	1.20149	1.07249	1.06042	1.05568
5.33	1.00744	1.02451	1.0431	1.05187
5.34	0.982152	0.993606	1.00549	1.01293
5.35	1.0223	0.974154	0.963015	0.959862
5.36	0.841545	0.906555	0.907761	0.908467
5.37	0.893456	0.903965	0.891102	0.88717
5.38	0.894888	0.911885	0.898195	0.892384
5.39	0.973421	0.936801	0.916552	0.910806
5.4	0.851523	0.925098	0.930378	0.935426
5.41	0.99818	0.986969	0.980744	0.979031
5.42	1.08507	1.03763	1.02987	1.02509
5.43	0.993537	1.04085	1.05741	1.06257
5.44	1.12707	1.09138	1.09821	1.10153
5.45	1.10466	1.10623	1.12328	1.12885
5.46	1.15059	1.12265	1.13244	1.13289
5.47	1.18127	1.11113	1.10694	1.10267
5.48	0.947613	1.02948	1.04615	1.05124
5.49	1.03959	1.02968	1.02377	1.0213
5.5	1.02162	1.01998	1.01496	1.01232
5.51	0.986572	1.00864	1.01073	1.01118
5.52	1.06124	1.01936	1.00872	1.00458
5.53	0.998548	0.988203	0.98243	0.98213
5.54	0.856942	0.946702	0.957855	0.964082
5.55	1.0616	0.994961	0.97712	0.972352
5.56	0.941418	0.97658	0.981438	0.985162
5.57	0.978837	0.993361	0.996498	0.9988
5.58	1.09628	1.02467	1.00797	1.00015
5.59	0.952645	0.984358	0.983863	0.982931
5.6	0.914894	0.975763	0.980499	0.983969
5.61	1.05298	1.02804	1.02298	1.02325
5.62	1.00382	1.05537	1.0708	1.07431
5.63	1.29022	1.13424	1.11345	1.1037
5.64	1.00401	1.05713	1.07347	1.08069
5.65	0.952322	1.03315	1.05015	1.05751
5.66	1.17101	1.08999	1.07331	1.06298
5.67	1.02473	1.06582	1.07496	1.07293
5.68	1.11941	1.08273	1.08479	1.08569
5.69	1.01332	1.06296	1.08229	1.0897
5.7	1.20186	1.09282	1.08154	1.07917
5.71	0.96285	1.01365	1.02766	1.03611
5.72	0.966885	0.985291	0.986077	0.988729
5.73	1.00055	0.975332	0.957421	0.947083
5.74	0.932929	0.940155	0.923123	0.912064
5.75	0.851784	0.912204	0.907743	0.906184
5.76	0.920732	0.944674	0.945648	0.950908
5.77	0.975745	1.00109	1.01525	1.02311
5.78	1.23488	1.08284	1.07003	1.06597
5.79	1.00859	1.01254	1.02399	1.02996
5.8	0.880228	0.946206	0.955968	0.961297
5.81	0.959844	0.945845	0.929391	0.921449
5.82	0.860354	0.931486	0.931957	0.927965
5.83	0.996274	0.988259	0.981812	0.976431
5.84	1.13061	1.03702	1.0255	1.024
5.85	0.884485	0.992179	1.02403	1.04056
5.86	1.15522	1.05504	1.04352	1.04001
5.87	1.05905	1.01771	1.01052	1.00498
5.88	0.786256	0.93904	0.963316	0.967616
5.89	1.12127	1.01315	0.988691	0.97512
5.9	0.890037	0.979153	0.996385	1.00125
5.91	1.08706	1.03427	1.02871	1.03918
5.92	1.07247	1.03659	1.02163	1.04817
5.93	0.938996	1.00303	0.969464	1.01153
5.94	1.04483	1.03352	0.917371	0.946612
5.95	0.860132	1.05268	0.880041	0.890551
5.96	1.03344	1.2644	0.999625	0.958527
5.97	1.33575	1.70707	1.39836	1.30382
5.98	2.08534	2.52106	2.23231	2.10825
5.99	3.41877	3.77077	3.59491	3.49776
6	5.07212	5.37247	5.43264	5.42603
6.01	7.56144	7.27454	7.51584	7.58096
6.02	9.77042	8.8897	9.25432	9.37026
6.03	10.396	9.62413	10.1035	10.2608
6.04	10.0013	9.58669	10.0349	10.1377
6.05	9.80048	9.13465	9.31251	9.263
6.06	7.73283	8.01677	8.16674	8.09926
6.07	6.48862	7.18284	7.31598	7.26978
6.08	7.20748	7.04312	7.0447	6.9811
6.09	6.96925	6.73903	6.81001	6.81199
6.1	6.86544	6.20473	6.2318	6.28368
6.11	4.93499	5.00972	5.08922	5.20364
6.12	3.83334	3.88945	3.79504	3.85212
6.13	2.41099	2.82528	2.60779	2.58694
6.14	1.75074	2.1754	1.82433	1.7169
6.15	1.58291	1.95019	1.54467	1.39399
6.16	1.5411	2.09226	1.79529	1.6816
6.17	2.4153	2.78549	2.64086	2.58876
6.18	3.9057	3.84891	3.8919	3.91566
6.19	5.06132	4.85555	5.13333	5.23944
6.2	6.58601	5.65642	5.9639	6.07363
6.21	6.09954	5.5277	5.91034	6.03747
6.22	5.12208	4.82714	5.12149	5.20333
6.23	3.96455	3.83165	3.93541	3.93178
6.24	2.34805	2.70325	2.69073	2.64463
6.25	1.73442	1.93004	1.75524	1.67916
6.26	0.972495	1.35246	1.15405	1.10957
6.27	1.08312	1.15485	0.891447	0.865074
6.28	0.835634	1.02896	0.790178	0.792689
6.29	0.85866	1.09641	0.864651	0.857088
6.3	1.15897	1.40159	1.17474	1.12244
6.31	1.69832	1.9494	1.77431	1.69127
6.32	2.51507	2.7483	2.70148	2.64179
6.33	3.67748	3.78042	3.91838	3.92865
6.34	5.26807	4.91548	5.2007	5.27667
6.35	6.37239	5.69794	6.08328	6.20127
6.36	6.68533	5.80595	6.1683	6.2801
6.37	5.38329	5.03458	5.34703	5.43325
6.38	4.03269	3.9145	4.02782	4.03233
6.39	2.27762	2.67623	2.65523	2.60436
6.4	1.44829	1.83658	1.67871	1.58558
6.41	1.15079	1.38522	1.17012	1.07492
6.42	1.09665	1.1683	0.97087	0.914177
6.43	0.930506	1.02302	0.90305	0.905543
6.44	0.897967	0.970267	0.914532	0.953224
6.45	0.926899	0.989811	0.980639	1.02259
6.46	1.14753	1.07227	1.06013	1.07437
6.47	1.22522	1.07946	1.05803	1.0541
6.48	0.797351	0.940889	0.966757	0.97726
6.49	0.879989	0.945858	0.94591	0.941276
6.5	1.11813	1.0167	0.985689	0.966332
6.51	0.868532	0.986098	1.01037	1.01616
6.52	1.14012	1.07307	1.07668	1.08009
6.53	1.16475	1.09298	1.09949	1.10327
6.54	1.0409	1.04113	1.05711	1.06459
6.55	0.989361	0.989503	0.993133	0.994508
6.56	0.911158	0.938019	0.934927	0.931415
6.57	0.896645	0.913396	0.906091	0.901715
6.58	0.853408	0.905523	0.906454	0.905018
6.59	1.05304	0.949766	0.926401	0.919613
6.6	0.819132	0.890735	0.903269	0.913003
6.61	0.899773	0.903308	0.901034	0.904047
6.62	0.984123	0.919415	0.899536	0.891684
6.63	0.780477	0.870813	0.877353	0.87752
6.64	0.952975	0.912547	0.897651	0.892694
6.65	0.843402	0.913854	0.926718	0.932299
6.66	1.02766	0.985614	0.986171	0.98685
6.67	1.07671	1.01533	1.01431	1.01347
6.68	0.985865	0.983658	0.990909	0.995985
6.69	0.905424	0.949781	0.958173	0.964168
6.7	0.964198	0.96026	0.953245	0.949807
6.71	0.948209	0.966802	0.960523	0.952842
6.72	1.04244	0.991936	0.975358	0.966271
6.73	0.88183	0.966568	0.980789	0.986657
6.74	1.05377	1.02594	1.02693	1.02927
6.75	1.08179	1.05747	1.06496	1.06707
6.76	1.09809	1.06469	1.07285	1.07448
6.77	1.04996	1.0385	1.04544	1.04673
6.78	1.00206	1.00085	1.00281	1.00439
6.79	0.914107	0.961982	0.969542	0.974407
6.8	0.95853	0.970993	0.969492	0.967819
6.81	1.06876	0.992467	0.971071	0.959844
6.82	0.922064	0.937648	0.931728	0.930264
6.83	0.805676	0.898414	0.906603	0.913087
6.84	0.976928	0.951918	0.941172	0.937303
6.85	0.979563	0.980412	0.979982	0.975837
6.86	1.08334	1.00975	1.00334	1.00191
6.87	0.891046	0.965511	0.99113	1.00578
6.88	1.00279	0.995733	1.00324	1.00775
6.89	1.134	1.0189	0.999469	0.989762
6.9	0.840569	0.92696	0.939172	0.941699
6.91	0.894799	0.921414	0.916234	0.912652
6.92	0.976004	0.942483	0.925934	0.91796
6.93	0.859528	0.930031	0.942121	0.947369
6.94	1.02799	0.988081	0.98871	0.991047
6.95	1.05125	1.00622	1.00702	1.00755
6.96	1.0191	0.979335	0.977666	0.979653
6.97	0.83298	0.912683	0.925467	0.933189
6.98	0.929127	0.925735	0.916692	0.912249
6.99	0.929826	0.935394	0.925119	0.91489
7	0.989545	0.950621	0.936961	0.929075
7.01	0.852909	0.926923	0.943136	0.951725
7.02	0.968555	0.97724	0.987149	0.992843
7.03	1.17901	1.03624	1.02227	1.01916
7.04	0.841315	0.952478	0.983194	0.996609
7.05	1.08145	0.979875	0.961328	0.957066
7.06	0.834582	0.905699	0.906213	0.905274
7.07	0.888665	0.902638	0.887513	0.881029
7.08	0.871417	0.913552	0.903258	0.897008
7.09	0.989125	0.966599	0.952628	0.947273
7.1	0.978309	0.997121	1.00297	1.00814
7.11	1.04724	1.04646	1.05811	1.06465
7.12	1.14871	1.09501	1.09723	1.09519
7.13	1.14866	1.08985	1.08866	1.08591
7.14	0.928914	1.02589	1.05217	1.06259
7.15	1.04546	1.0589	1.06756	1.06901
7.16	1.21694	1.10534	1.09136	1.0825
7.17	0.9796	1.04018	1.05797	1.0632
7.18	1.0921	1.03561	1.02742	1.02689
7.19	0.909987	0.974551	0.981331	0.983352
7.2	0.988533	0.978055	0.966011	0.958302
7.21	1.00276	0.971082	0.956427	0.950177
7.22	0.82265	0.93243	0.950066	0.960239
7.23	1.09287	1.00356	0.990749	0.992471
7.24	0.952183	0.985376	0.994881	1.00087
7.25	1.08683	1.00039	0.980987	0.974366
7.26	0.869269	0.928951	0.924894	0.92128
7.27	0.858426	0.917199	0.908271	0.902543
7.28	0.938176	0.964219	0.957164	0.952407
7.29	1.01781	1.03728	1.04777	1.05118
7.3	1.21998	1.12982	1.13731	1.14207
7.31	1.16765	1.13219	1.15303	1.16227
7.32	1.15811	1.0991	1.10484	1.10742
7.33	0.945068	1.007	1.01729	1.01813
7.34	0.95848	0.976834	0.968155	0.961119
7.35	0.91705	0.96502	0.963035	0.959709
7.36	1.01587	1.00118	0.997834	0.997332
7.37	1.0512	1.02264	1.02248	1.0237
7.38	1.09008	1.01555	1.00492	1.00362
7.39	0.864037	0.933929	0.941848	0.947303
7.4	0.893193	0.922198	0.915108	0.913113
7.41	0.938523	0.939474	0.928736	0.92392
7.42	0.903087	0.9577	0.964849	0.966682
7.43	1.13795	1.03054	1.01535	1.01195
7.44	0.952893	0.995964	1.0104	1.0188
7.45	1.01619	1.00446	1.00272	1.00329
7.46	1.0372	1.00123	0.987555	0.981026
7.47	0.856672	0.962032	0.973606	0.975523
7.48	1.06122	1.02819	1.01922	1.01375
7.49	1.06779	1.06133	1.06581	1.06544
7.5	1.11275	1.088	1.0968	1.10133
7.51	1.12274	1.08992	1.09758	1.10383
7.52	1.04227	1.05903	1.06947	1.07539
7.53	1.06315	1.0449	1.03898	1.03553
7.54	0.990722	1.01251	1.00541	0.998802
7.55	0.986773	1.00192	0.992248	0.985998
7.56	0.958069	1.00647	1.00826	1.0077
7.57	1.09065	1.05943	1.05677	1.0559
7.58	1.09025	1.08117	1.09087	1.09488
7.59	1.15259	1.09384	1.09758	1.10165
7.6	1.01874	1.04776	1.06328	1.07174
7.61	1.04356	1.03069	1.02933	1.02956
7.62	1.0012	1.00076	0.992603	0.987779
7.63	0.934786	0.970381	0.964162	0.959826
7.64	0.971105	0.975598	0.963681	0.958267
7.65	0.966322	0.98531	0.981457	0.979832
7.66	1.00873	1.01401	1.01521	1.01546
7.67	1.09228	1.04799	1.04753	1.0475
7.68	1.01086	1.03767	1.05451	1.06044
7.69	1.10414	1.05417	1.05702	1.05837
7.7	1.01177	1.02069	1.03226	1.0376
7.71	0.984026	0.996141	1.00456	1.00894
7.72	1.00428	0.983703	0.977747	0.97421
7.73	0.983115	0.950687	0.935131	0.928467
7.74	0.800407	0.885245	0.886548	0.88729
7.75	0.897042	0.90464	0.889816	0.88391
7.76	0.956017	0.931632	0.916616	0.911714
7.77	0.876148	0.934239	0.945852	0.953634
7.78	1.03091	0.994938	0.995833	0.998405
7.79	1.08107	1.01967	1.01516	1.01251
7.8	0.973222	0.982987	0.987512	0.989648
7.81	0.913241	0.956075	0.962483	0.967613
7.82	0.937037	0.971996	0.975371	0.976729
7.83	1.06664	1.02288	1.01224	1.00462
7.84	1.07773	1.02999	1.02081	1.01541
7.85	0.91182	0.989369	1.00321	1.00857
7.86	1.06612	1.0263	1.01849	1.01578
7.87	0.974179	1.0234	1.03432	1.03547
7.88	1.14379	1.06971	1.06599	1.0641
7.89	0.961467	1.04196	1.06866	1.07712
7.9	1.26223	1.09469	1.07531	1.0712
7.91	0.842367	0.979887	1.01168	1.02679
7.92	1.04934	1.0026	0.990466	0.986325
7.93	1.02181	0.978584	0.955052	0.941393
7.94	0.836112	0.911337	0.907687	0.904326
7.95	0.85137	0.919315	0.917383	0.916783
7.96	1.05227	0.995239	0.981575	0.977908
7.97	0.981199	1.01413	1.03169	1.04071
7.98	1.13939	1.06596	1.06983	1.07385
7.99	1.08462	1.04434	1.04764	1.04908
8	0.961952	0.982458	0.98631	0.988143
8.01	0.876801	0.941077	0.944	0.944237
8.02	0.956268	0.963973	0.954519	0.947832
8.03	1.02183	0.994572	0.984477	0.978739
8.04	0.982437	0.997915	1.00223	1.0056
8.05	1.05758	1.01674	1.0135	1.01693
8.06	0.947999	0.99471	1.00418	1.0091
8.07	1.0814	1.0194	1.00429	0.997442
8.08	0.915376	0.98208	0.987632	0.986719
8.09	1.0273	1.01147	1.00515	1.00272
8.1	0.984753	1.02502	1.03551	1.03987
8.11	1.12798	1.07884	1.07954	1.08018
8.12	1.11658	1.08352	1.08731	1.08767
8.13	1.07109	1.05514	1.05735	1.05782
8.14	0.9676	1.0108	1.01742	1.01931
8.15	0.995835	1.00967	1.00905	1.00677
8.16	1.01088	1.02236	1.02394	1.02038
8.17	1.10582	1.04654	1.04059	1.03705
8.18	0.989795	1.01144	1.02443	1.03262
8.19	0.996044	0.997997	1.00614	1.01352
8.2	1.00278	0.986503	0.981738	0.979656
8.21	1.02106	0.958731	0.93718	0.930202
8.22	0.730221	0.868629	0.879449	0.886755
8.23	0.917892	0.916936	0.899408	0.893435
8.24	1.01323	0.964287	0.938695	0.926111
8.25	0.952335	0.962694	0.957431	0.958157
8.26	0.879103	0.97146	0.99027	1.00175
8.27	1.12817	1.07258	1.06677	1.06206
8.28	1.23863	1.11812	1.10533	1.09725
8.29	0.892002	1.04314	1.08574	1.10111
8.3	1.18227	1.1193	1.12108	1.11965
8.31	1.21217	1.13249	1.13071	1.12621
8.32	0.97769	1.06599	1.09518	1.10577
8.33	1.1899	1.08779	1.07651	1.07658
8.34	0.933228	1.00749	1.01921	1.02587
8.35	1.04497	1.00144	0.981209	0.973581
8.36	0.913051	0.951856	0.934436	0.922867
8.37	0.941395	0.94108	0.914587	0.903152
8.38	0.816318	0.929988	0.935974	0.941856
8.39	1.01946	1.03257	1.03972	1.0459
8.4	1.2591	1.14825	1.14728	1.14501
8.41	1.24047	1.15308	1.15986	1.16049
8.42	1.04168	1.07053	1.09051	1.10053
8.43	0.948144	1.01682	1.03285	1.04134
8.44	1.01968	1.03178	1.0317	1.02836
8.45	1.10751	1.05884	1.04717	1.0363
8.46	1.07542	1.03724	1.02736	1.02236
8.47	0.935884	0.977447	0.980686	0.988157
8.48	0.891733	0.95922	0.96364	0.970451
8.49	1.05842	1.00848	0.987905	0.978794
8.5	1.02992	1.0078	0.993261	0.985455
8.51	0.924837	0.985006	0.99	0.994076
8.52	1.0003	1.02238	1.02507	1.02868
8.53	1.11588	1.08183	1.08027	1.07825
8.54	1.11891	1.10724	1.1126	1.11048
8.55	1.21015	1.12098	1.1147	1.11402
8.56	0.880782	1.04554	1.08548	1.10294
8.57	1.2558	1.13486	1.11933	1.11291
8.58	1.09927	1.10324	1.10594	1.10113
8.59	1.0952	1.07559	1.07147	1.06853
8.6	0.965359	1.02833	1.03541	1.03894
8.61	1.0446	1.04404	1.04095	1.04025
8.62	1.05089	1.05919	1.06128	1.05885
8.63	1.16073	1.08264	1.07321	1.06761
8.64	0.979187	1.028	1.04315	1.04961
8.65	1.03097	1.02218	1.02504	1.0297
8.66	1.01665	1.00758	1.00886	1.01303
8.67	0.94861	0.983904	0.990527	0.99401
8.68	1.07065	0.995523	0.973747	0.963931
8.69	0.910498	0.932014	0.920306	0.915047
8.7	0.798589	0.890021	0.888896	0.890005
8.71	0.92673	0.939459	0.928403	0.924577
8.72	1.02026	1.00163	0.997401	0.994938
8.73	1.06871	1.04516	1.0528	1.05635
8.74	1.10664	1.06514	1.07435	1.07973
8.75	1.03376	1.04363	1.05774	1.0628
8.76	1.06535	1.03199	1.03094	1.02905
8.77	0.932352	0.986978	0.997927	0.999579
8.78	0.994365	0.996597	0.997119	0.994165
8.79	1.04887	1.00845	1.00134	0.995919
8.8	0.983864	0.979875	0.980668	0.983219
8.81	0.925763	0.947313	0.952702	0.961424
8.82	0.904027	0.936302	0.938244	0.941642
8.83	1.03658	0.957566	0.931154	0.91886
8.84	0.85962	0.899816	0.891075	0.885723
8.85	0.794399	0.882261	0.883074	0.883938
8.86	0.982444	0.952569	0.940766	0.937951
8.87	0.948251	0.993002	1.00909	1.01474
8.88	1.19346	1.07819	1.07466	1.07311
8.89	1.05473	1.04809	1.06326	1.06857
8.9	1.01563	1.01137	1.01947	1.0246
8.91	0.922269	0.970376	0.979316	0.983643
8.92	0.967115	0.977491	0.975009	0.971896
8.93	1.03773	0.994984	0.981703	0.973075
8.94	0.954529	0.969729	0.966661	0.963569
8.95	0.956216	0.959675	0.953171	0.95236
8.96	0.932097	0.953081	0.952391	0.956293
8.97	0.904361	0.967471	0.978521	0.984386
8.98	1.16765	1.04497	1.02547	1.01828
8.99	0.945094	0.99979	1.01299	1.01691
9	1.04026	1.00931	1.003	1.00116
9.01	0.954969	0.987866	0.989537	0.989151
9.02	0.966243	0.999324	1.0039	1.00344
9.03	1.06767	1.04386	1.04283	1.03898
9.04	1.11047	1.06459	1.06538	1.06537
9.05	1.02658	1.03944	1.05547	1.06623
9.06	0.997374	1.02716	1.04211	1.04994
9.07	1.14169	1.04465	1.02539	1.01524
9.08	0.931651	0.965117	0.960693	0.956513
9.09	0.84213	0.919046	0.919704	0.921561
9.1	0.915431	0.949889	0.945054	0.94303
9.11	1.07275	1.01519	1.00181	0.994625
9.12	1.04517	1.02294	1.02541	1.02678
9.13	0.982347	1.00845	1.02223	1.02995
9.14	1.06333	1.02006	1.01842	1.01971
9.15	0.939233	0.988393	1.00024	1.00355
9.16	1.05212	1.00589	0.998858	0.995226
9.17	0.936346	0.977154	0.984446	0.985502
9.18	1.03148	0.989227	0.980431	0.977203
9.19	0.924085	0.959046	0.962141	0.96338
9.2	0.987892	0.963826	0.955954	0.954635
9.21	0.892132	0.944541	0.950191	0.952153
9.22	1.02927	0.977664	0.96511	0.960052
9.23	0.933361	0.959181	0.96291	0.964454
9.24	0.956198	0.966519	0.969952	0.97259
9.25	1.00131	0.984177	0.983047	0.982686
9.26	0.997664	0.984701	0.985253	0.984935
9.27	0.950197	0.972263	0.977888	0.978869
9.28	1.02432	0.98189	0.974685	0.972101
9.29	0.881128	0.949087	0.961682	0.96634
9.3	1.03963	0.984243	0.974554	0.972077
9.31	0.942319	0.964011	0.968422	0.971051
9.32	0.969035	0.965471	0.963486	0.96393
9.33	0.982472	0.963368	0.953838	0.950439
9.34	0.908236	0.942162	0.939122	0.938211
9.35	0.954833	0.95488	0.947616	0.946548
9.36	0.899182	0.967646	0.976713	0.978137
9.37	1.149	1.04888	1.03102	1.02075
9.38	1.02542	1.02998	1.03762	1.04063
9.39	0.941526	1.01565	1.04157	1.05491
9.4	1.13449	1.07545	1.07572	1.07564
9.41	1.14334	1.0762	1.07289	1.0692
9.42	0.943262	1.00982	1.02464	1.02893
9.43	1.07748	1.00999	0.993	0.98899
9.44	0.805696	0.942676	0.958626	0.964126
9.45	1.09994	1.01234	0.986646	0.974993
9.46	0.985874	0.994404	0.989262	0.985069
9.47	0.946729	0.984998	0.991969	0.995972
9.48	1.00765	1.01386	1.01688	1.01783
9.49	1.12748	1.04893	1.04085	1.03883
9.5	0.92339	1.00546	1.03153	1.04407
9.51	1.0987	1.04406	1.04319	1.0445
9.52	1.06441	1.02803	1.02197	1.01727
9.53	0.970123	0.975617	0.969504	0.966762
9.54	0.852709	0.928696	0.929888	0.931385
9.55	0.936664	0.957764	0.947828	0.943277
9.56	1.06936	1.00793	0.990851	0.984618
9.57	0.906471	0.996668	1.01532	1.02262
9.58	1.21146	1.0756	1.05611	1.05116
9.59	0.936717	1.01868	1.03924	1.0476
9.6	1.04924	1.04371	1.04609	1.04587
9.61	1.1076	1.06322	1.05548	1.04912
9.62	1.00514	1.03835	1.04943	1.05339
9.63	1.00298	1.04669	1.06203	1.06777
9.64	1.21562	1.09873	1.08311	1.07622
9.65	1.00138	1.03388	1.04347	1.04755
9.66	0.963411	1.00153	1.00636	1.01017
9.67	1.03688	1.00729	0.993007	0.987565
9.68	0.937795	0.983457	0.98164	0.979774
9.69	1.03135	1.00529	0.994381	0.991755
9.7	0.943659	1.00106	1.0095	1.01238
9.71	1.11992	1.05422	1.04225	1.0354
9.72	1.05597	1.04168	1.04202	1.04085
9.73	0.942026	1.01486	1.03588	1.04518
9.74	1.09911	1.06088	1.06484	1.06676
9.75	1.09455	1.06867	1.0761	1.07642
9.76	1.10009	1.05059	1.05107	1.05103
9.77	0.954254	0.983	0.989649	0.994768
9.78	0.916163	0.944157	0.940761	0.942234
9.79	0.938337	0.933308	0.917922	0.912539
9.8	0.858412	0.917431	0.910058	0.903874
9.81	1.06645	0.960573	0.926507	0.914172
9.82	0.706208	0.897839	0.924961	0.935958
9.83	1.16127	1.02673	1.00306	0.996673
9.84	0.977418	1.0211	1.03968	1.04671
9.85	1.07794	1.05913	1.07192	1.0772
9.86	1.16449	1.07836	1.07461	1.0732
9.87	0.95355	1.01147	1.02862	1.03622
9.88	0.984875	1.0025	1.00467	1.00588
9.89	1.03195	1.01114	0.998424	0.990431
9.9	1.01632	0.998977	0.985757	0.979844
9.91	0.887393	0.969471	0.976065	0.979937
9.92	1.05029	1.02204	1.00931	1.00498
9.93	1.08079	1.04637	1.03677	1.03383
9.94	0.974365	1.03627	1.05072	1.0586
9.95	1.11863	1.08808	1.08746	1.088
9.96	1.14399	1.10934	1.10693	1.1038
9.97	1.09505	1.09596	1.10024	1.10142
9.98	1.03182	1.08349	1.09555	1.09999
9.99	1.16643	1.12268	1.11583	1.11216
10	1.11529	1.11813	1.12035	1.12029
