x	y	y_inv	frequency	y_fwd(real)	y_fwd(imaginary)
0.01	1.06552	1.10017	0	1212.01	0
0.02	1.14415	1.05299	0.0998004	-122.37	44.7477
0.03	0.987044	0.992102	0.199601	-6.22379	-131.838
0.04	0.821777	0.939819	0.299401	68.849	137.671
0.05	0.928005	0.918575	0.399202	-125.387	-28.4718
0.06	1.0383	0.937542	0.499002	159.893	-59.5142
0.07	1.07108	0.985956	0.598802	-81.3752	92.8569
0.08	0.882377	1.03835	0.698603	-29.659	-104.908
0.09	0.9711	1.06906	0.798403	104.626	68.1922
0.1	1.2196	1.06688	0.898204	-140.97	11.8276
0.11	1.08685	1.04027	0.998004	104.144	-42.6984
0.12	0.953181	1.00993	1.0978	1.08415	72.2154
0.13	0.940764	0.993912	1.1976	-54.2328	-97.6477
0.14	1.0536	0.995898	1.29741	55.8444	32.0216
0.15	1.01471	1.00433	1.39721	-92.6478	54.1
0.16	0.883738	1.00268	1.49701	95.779	-34.0239
0.17	1.08455	0.982963	1.59681	5.6386	15.2238
0.18	1.02097	0.95265	1.69661	-67.5708	-59.2862
0.19	0.867197	0.929966	1.79641	41.7386	51.3641
0.2	0.869657	0.930958	1.89621	-37.6975	14.237
0.21	0.992571	0.957485	1.99601	65.5327	-31.6662
0.22	0.962967	0.994541	2.09581	-22.8338	23.4451
0.23	1.0871	1.0188	2.19561	-17.7229	-41.4105
0.24	1.06197	1.01275	2.29541	38.1118	41.8628
0.25	0.864582	0.975425	2.39521	-64.1142	-17.9369
0.26	0.956025	0.923233	2.49501	62.0733	5.66222
0.27	0.817122	0.880983	2.59481	-11.2961	39.7876
0.28	0.974992	0.868937	2.69461	-9.89635	-88.9865
0.29	0.918666	0.893263	2.79441	19.82	51.1474
0.3	0.826065	0.944425	2.89421	-72.4333	14.1271
0.31	0.995213	1.00311	2.99401	91.8734	-12.0874
0.32	1.20508	1.04959	3.09381	-8.00448	29.8529
0.33	0.99768	1.07167	3.19361	-40.4321	-83.2812
0.34	0.96066	1.06797	3.29341	34.1411	57.8902
0.35	1.16376	1.04622	3.39321	-51.6095	20.8983
0.36	0.987559	1.018	3.49301	59.3871	-45.7903
0.37	0.968674	0.992972	3.59281	-8.06925	48.2143
0.38	1.06956	0.975175	3.69261	-35.2344	-53.0118
0.39	0.862067	0.963148	3.79242	40.9218	26.0255
0.4	0.972853	0.95367	3.89222	-53.6322	16.8465
0.41	0.955291	0.946585	3.99202	29.0778	-21.1149
0.42	0.941224	0.947078	4.09182	20.6224	34.8934
0.43	0.993009	0.962853	4.19162	-19.004	-48.6314
0.44	0.946013	0.997191	4.29142	1.93418	9.95728
0.45	1.0804	1.04254	4.39122	-33.3199	28.1238
0.46	1.17241	1.08035	4.49102	37.674	-6.00757
0.47	0.913603	1.08962	4.59082	5.10515	2.06835
0.48	1.0661	1.06014	4.69062	-14.7429	-39.4365
0.49	1.11003	1.00209	4.79042	-2.4609	31.5275
0.5	0.918228	0.943755	4.89022	-21.9755	5.88401
0.51	0.943062	0.916755	4.99002	48.6157	-0.828472
0.52	0.94165	0.93671	5.08982	-28.3427	10.5194
0.53	0.864585	0.992052	5.18962	9.15197	-48.3337
0.54	1.11642	1.04961	5.28942	4.40159	48.1221
0.55	1.07604	1.0747	5.38922	-52.6938	-17.9477
0.56	1.1112	1.05322	5.48902	65.3566	4.75864
0.57	1.00362	1.00065	5.58882	-25.3916	40.1
0.58	0.869304	0.95157	5.68862	0.133323	-72.9749
0.59	1.01525	0.936232	5.78842	24.7967	46.8829
0.6	0.877872	0.960491	5.88822	-69.0384	3.64712
0.61	0.95941	1.00307	5.98802	71.917	-24.4318
0.62	1.15372	1.03205	6.08782	-10.4013	48.918
0.63	1.0576	1.02857	6.18762	-35.8749	-76.8671
0.64	1.00447	1.00033	6.28743	46.8142	33.792
0.65	0.837969	0.9751	6.38723	-57.5874	39.3768
0.66	0.948124	0.978988	6.48703	44.1869	-49.9519
0.67	1.1186	1.0159	6.58683	20.5929	51.1718
0.68	1.15264	1.06364	6.68663	-55.1218	-46.4687
0.69	0.996277	1.0898	6.78643	46.8862	-7.40492
0.7	1.0865	1.07562	6.88623	-36.7586	46.6406
0.71	0.920901	1.0299	6.98603	7.58839	-39.2123
0.72	1.13916	0.982372	7.08583	41.9849	30.2428
0.73	0.908126	0.961629	7.18563	-48.7888	-10.0632
0.74	0.992504	0.974199	7.28543	19.3373	-26.1396
0.75	0.913938	1.00076	7.38523	-6.68825	46.1766
0.76	1.03814	1.01218	7.48503	-10.0949	-12.5323
0.77	1.12634	0.992943	7.58483	37.1322	-7.47678
0.78	0.907695	0.953818	7.68463	-20.7071	5.0901
0.79	0.785919	0.923735	7.78443	-17.814	-19.4173
0.8	0.970205	0.927085	7.88423	12.2365	22.4953
0.81	1.04843	0.963962	7.98403	-6.38971	12.5851
0.82	0.976545	1.00886	8.08383	13.9264	-16.2052
0.83	0.989274	1.02926	8.18363	2.36655	8.23124
0.84	1.12435	1.01013	8.28343	-25.3396	3.59746
0.85	0.925094	0.96551	8.38323	1.40056	0.736708
0.86	0.742404	0.928323	8.48303	10.9974	21.2012
0.87	1.04809	0.925832	8.58283	-7.44628	-15.0025
0.88	1.06878	0.959584	8.68263	18.2492	-13.8667
0.89	0.895847	1.00504	8.78244	-20.6784	15.6545
0.9	1.12165	1.03099	8.88224	-9.61161	-10.4941
0.91	0.914741	1.02369	8.98204	24.9728	22.2491
0.92	1.02058	0.996849	9.08184	-11.2548	-4.99293
0.93	0.965223	0.979929	9.18164	13.3881	-27.6257
0.94	1.00727	0.993847	9.28144	-6.97986	14.0184
0.95	1.09666	1.03337	9.38124	-17.6201	-5.06532
0.96	1.06601	1.07015	9.48104	27.5921	12.6175
0.97	0.998836	1.0745	9.58084	-4.81288	3.47922
0.98	1.09421	1.0389	9.68064	3.45518	-27.1003
0.99	0.949176	0.985178	9.78044	-3.01028	8.69379
1	0.90234	0.94917	9.88024	-14.9286	0.0347341
1.01	1.01372	0.954675	9.98004	16.2988	6.78774
1.02	1.04842	0.9965	10.0798	-3.62436	3.36333
1.03	1.09027	1.04559	10.1796	4.43595	-18.1788
1.04	0.891446	1.07198	10.2794	-4.27909	7.06923
1.05	1.14785	1.06735	10.3792	-10.0053	-2.98447
1.06	1.02997	1.04951	10.479	13.6451	14.4048
1.07	1.07138	1.04522	10.5788	-6.77421	-5.75079
1.08	1.03777	1.06527	10.6786	13.0854	-17.6992
1.09	1.23007	1.09234	10.7784	-12.2807	15.5794
1.1	0.97864	1.09245	10.8782	-11.6085	-7.74807
1.11	1.00323	1.0422	10.978	22.5968	11.9765
1.12	0.955738	0.950873	11.0778	-8.57529	3.45787
1.13	0.882088	0.859503	11.1776	13.894	-24.1147
1.14	0.823165	0.815602	11.2774	-4.08429	21.4274
1.15	0.912496	0.841293	11.3772	-17.4255	-14.9566
1.16	0.895222	0.917993	11.477	23.6614	9.66805
1.17	0.947262	0.999232	11.5768	-12.4707	18.8409
1.18	0.999463	1.04256	11.6766	12.7786	-31.9092
1.19	1.00317	1.03745	11.7764	2.8858	19.6935
1.2	1.16939	1.00934	11.8762	-32.7215	-3.44415
1.21	0.964211	0.997478	11.976	26.9151	-2.25194
1.22	1.03484	1.02394	12.0758	-6.62482	21.7388
1.23	0.972016	1.07679	12.1756	-1.81212	-30.4416
1.24	1.13532	1.11952	12.2754	15.37	9.23376
1.25	1.15894	1.11866	12.3752	-26.4584	7.29037
1.26	1.10542	1.06861	12.475	16.145	-6.36205
1.27	0.921811	0.995245	12.5749	5.22459	19.5871
1.28	0.986304	0.936706	12.6747	-12.206	-16.8041
1.29	0.955435	0.916854	12.7745	14.102	2.58734
1.3	0.853509	0.931433	12.8743	-13.5817	8.07842
1.31	0.977116	0.956267	12.9741	5.2906	-9.46675
1.32	0.891894	0.969371	13.0739	10.152	9.00218
1.33	1.11365	0.968561	13.1737	-2.11979	-2.71231
1.34	0.931822	0.97076	13.2735	5.96745	-7.7573
1.35	0.971089	0.994484	13.3733	-9.24702	6.31507
1.36	1.03689	1.04068	13.4731	0.0111856	2.94924
1.37	1.04231	1.08821	13.5729	10.5485	-1.2573
1.38	1.19668	1.10824	13.6727	2.19455	-1.88155
1.39	1.06095	1.0864	13.7725	-6.34453	-4.99726
1.4	0.967029	1.035	13.8723	-5.47606	-1.89199
1.41	1.05934	0.985353	13.9721	3.63745	3.9563
1.42	0.978844	0.965675	14.0719	0.0816227	-1.62129
1.43	0.911257	0.981355	14.1717	1.15371	-4.27882
1.44	1.11844	1.01239	14.2715	-2.14717	3.02965
1.45	0.910899	1.02935	14.3713	-8.28139	1.1559
1.46	0.981675	1.01517	14.4711	3.93978	7.95588
1.47	1.15803	0.976131	14.5709	1.30218	-1.65093
1.48	0.827104	0.934728	14.6707	9.15016	-9.4079
1.49	0.910229	0.911573	14.7705	1.73107	6.02747
1.5	0.906045	0.911402	14.8703	-11.3574	-4.56885
1.51	0.995753	0.923848	14.9701	5.42717	-1.43908
1.52	0.841723	0.936539	15.0699	0.735574	6.59886
1.53	0.919462	0.947706	15.1697	0.828977	-13.2551
1.54	1.08405	0.966478	15.2695	2.89329	2.25707
1.55	0.966624	1.00042	15.3693	-11.0891	-3.14579
1.56	1.02466	1.04201	15.4691	6.47189	-2.40077
1.57	1.1244	1.06785	15.5689	0.259707	13.4677
1.58	0.897939	1.05422	15.6687	-2.51923	-8.78864
1.59	1.11251	0.998049	15.7685	5.56529	1.73995
1.6	0.890312	0.925652	15.8683	-11.6492	7.1644
1.61	0.957886	0.879586	15.9681	4.03099	-2.78587
1.62	0.830397	0.890683	16.0679	4.3002	6.87236
1.63	0.974346	0.95521	16.1677	-0.954198	-6.55541
1.64	0.96488	1.03503	16.2675	1.70362	-0.535936
1.65	1.13321	1.08225	16.3673	-7.05196	1.94014
1.66	1.11869	1.07146	16.4671	0.572029	-2.2778
1.67	0.966205	1.01611	16.5669	5.9051	7.3542
1.68	0.919612	0.957214	16.6667	-1.63472	-2.30531
1.69	0.931844	0.932985	16.7665	-0.207898	-1.87222
1.7	1.12021	0.952285	16.8663	-3.47947	2.57014
1.71	0.886467	0.991401	16.9661	0.0101037	-2.67554
1.72	0.93921	1.01539	17.0659	0.482479	3.56811
1.73	0.995502	1.00625	17.1657	0.355923	-6.56475
1.74	1.01347	0.975543	17.2655	4.07394	0.578193
1.75	1.06007	0.952126	17.3653	-6.19841	0.83791
1.76	0.928729	0.956233	17.4651	1.82761	-1.04608
1.77	0.94424	0.981899	17.5649	-1.60568	6.73059
1.78	0.980534	1.00255	17.6647	1.26692	-3.69919
1.79	0.933603	0.994818	17.7645	7.33843	1.84439
1.8	0.931845	0.959836	17.8643	-4.98608	0.335409
1.81	1.0869	0.923143	17.9641	-1.41115	-0.614599
1.82	0.929249	0.912469	18.0639	4.59076	7.87529
1.83	0.928941	0.932631	18.1637	-3.8187	-1.90436
1.84	0.86083	0.960746	18.2635	7.44711	-2.1951
1.85	0.91047	0.96844	18.3633	-0.730157	3.37315
1.86	0.855713	0.953153	18.4631	-1.18368	-4.44849
1.87	1.20285	0.949204	18.5629	5.80069	6.5077
1.88	1.06491	1.00283	18.6627	-2.84497	-0.195873
1.89	1.04608	1.12607	18.7625	-0.0558372	-5.26324
1.9	1.1906	1.26773	18.8623	0.193038	4.41557
1.91	1.33169	1.33476	18.9621	-7.6894	-4.05951
1.92	1.11448	1.26176	19.0619	8.68418	-0.163395
1.93	1.15376	1.08525	19.1617	-2.24715	2.8881
1.94	1.18342	0.963465	19.2615	-0.374719	-3.64038
1.95	1.27569	1.11016	19.3613	1.44537	5.2874
1.96	1.42228	1.66769	19.4611	-3.00614	0.831629
1.97	2.32414	2.59334	19.5609	6.84565	-2.32908
1.98	3.597	3.63648	19.6607	-2.20945	1.86126
1.99	4.79258	4.43535	19.7605	-0.383109	-2.77238
2	4.85382	4.68837	19.8603	1.70519	-1.55217
2.01	4.06378	4.30505	19.9601	-0.142597	0.376929
2.02	3.47502	3.44915	20.0599	-0.366723	-0.660173
2.03	2.31484	2.44936	20.1597	3.57191	0.586516
2.04	1.56326	1.63167	20.2595	-4.63823	-0.137476
2.05	1.31945	1.17098	20.3593	-0.536919	-1.95159
2.06	1.1349	1.04204	20.4591	-3.0871	0.412083
2.07	1.17999	1.0842	20.5589	-0.499941	-0.467853
2.08	0.995468	1.12548	20.6587	-2.25009	-2.04879
2.09	0.922415	1.08306	20.7585	2.7447	-2.63894
2.1	0.980262	0.984226	20.8583	2.3838	-1.3555
2.11	1.00803	0.910903	20.9581	3.04567	0.875497
2.12	0.992047	0.919955	21.0579	-0.473961	-0.377621
2.13	1.08616	0.998984	21.1577	0.163051	5.25323
2.14	0.986944	1.08299	21.2575	-0.410401	-4.63949
2.15	0.974171	1.11013	21.3573	2.06287	-2.61022
2.16	1.11907	1.06919	21.4571	-0.604246	-0.788533
2.17	1.06607	1.00342	21.5569	-1.04302	-0.913401
2.18	0.949801	0.971837	21.6567	0.946014	3.24376
2.19	0.965768	1.00134	21.7565	-2.22344	0.373295
2.2	1.20945	1.06707	21.8563	1.9305	0.265347
2.21	1.06531	1.11398	21.9561	0.593081	-1.26193
2.22	1.00768	1.1004	22.0559	0.688241	-0.388935
2.23	1.06334	1.0291	22.1557	3.32662	4.61713
2.24	0.801837	0.943284	22.2555	-2.24716	-2.31532
2.25	1.09246	0.892939	22.3553	3.25046	1.95195
2.26	0.891674	0.898929	22.4551	-1.84769	3.9144
2.27	1.03135	0.941825	22.5549	0.592123	-3.21399
2.28	0.815058	0.981596	22.6547	5.39318	-0.151474
2.29	0.95462	0.990378	22.7545	3.99147	-0.666125
2.3	0.973027	0.971963	22.8543	2.51629	-6.01096
2.31	0.963363	0.954034	22.9541	1.42223	3.13809
2.32	1.1131	0.961502	23.0539	-3.09918	-1.62041
2.33	1.02147	0.99381	23.1537	-1.7223	1.43315
2.34	0.910956	1.02472	23.2535	0.00210654	-3.80676
2.35	0.933717	1.02431	23.3533	1.08032	-1.78428
2.36	0.952165	0.985024	23.4531	0.210198	-1.41614
2.37	1.09462	0.930386	23.5529	-4.69394	0.807577
2.38	0.881027	0.89889	23.6527	2.62067	2.88162
2.39	0.973447	0.915069	23.7525	-1.24246	-2.20145
2.4	0.860429	0.969783	23.8523	-0.53605	-3.21286
2.41	1.00267	1.02498	23.9521	-0.901574	-1.95485
2.42	1.08951	1.03994	24.0519	0.863206	-1.68221
2.43	0.947254	1.00016	24.1517	3.75939	4.27618
2.44	0.958202	0.928389	24.2515	0.680381	-0.78519
2.45	0.976902	0.870269	24.3513	-1.59782	-5.06945
2.46	0.774499	0.864769	24.4511	-1.66905	-1.51667
2.47	0.930456	0.919635	24.5509	-3.58452	-0.288577
2.48	0.924868	1.0075	24.6507	1.05227	-1.7485
2.49	1.19176	1.08387	24.7505	-2.17985	1.60621
2.5	1.04592	1.11412	24.8503	-0.574443	-1.2121
2.51	1.17449	1.09255	24.9501	1.45024	-2.48778
2.52	0.956795	1.04328	25.0499	-3.26237	-2.24516
2.53	1.06013	1.00501	25.1497	1.92134	-0.881953
2.54	1.01689	1.01045	25.2495	0.086714	2.96768
2.55	1.07748	1.07237	25.3493	0.651177	-4.79426
2.56	1.06358	1.182	25.4491	-0.311485	0.373576
2.57	1.41138	1.31842	25.5489	0.0300086	-3.34651
2.58	1.4639	1.46214	25.6487	-0.717934	-1.99836
2.59	1.68694	1.60577	25.7485	0.111618	1.85098
2.6	1.57912	1.75675	25.8483	3.1978	-3.44265
2.61	2.12033	1.93084	25.9481	-0.0464321	1.32891
2.62	1.94456	2.13895	26.0479	-1.31207	-4.56223
2.63	2.50091	2.37334	26.1477	2.39617	4.73663
2.64	2.52458	2.60107	26.2475	-2.35711	0.404952
2.65	2.86634	2.7707	26.3473	0.694594	-1.82195
2.66	2.80401	2.83211	26.4471	-2.8647	3.14875
2.67	2.69657	2.76097	26.5469	-3.29078	-1.06677
2.68	2.66611	2.57426	26.6467	0.81327	-2.44189
2.69	2.21156	2.32592	26.7465	-1.64046	0.861614
2.7	2.17512	2.08236	26.8463	1.83796	-4.80624
2.71	1.84375	1.89023	26.9461	-0.150248	0.0418665
2.72	1.76528	1.75541	27.0459	-7.01766	-4.41128
2.73	1.69454	1.64628	27.1457	-1.46423	-0.579199
2.74	1.50413	1.51968	27.2455	0.116229	0.733147
2.75	1.28578	1.35306	27.3453	0.761316	-2.17671
2.76	1.20618	1.16171	27.4451	2.7914	1.37339
2.77	0.967535	0.990121	27.5449	-4.49883	-0.462581
2.78	0.867837	0.883272	27.6447	1.81665	0.0428911
2.79	0.968169	0.857775	27.7445	-0.632744	2.92972
2.8	0.88875	0.892032	27.8443	-1.5026	-3.55205
2.81	0.771247	0.941389	27.9441	2.77892	-2.15744
2.82	1.03678	0.966862	28.0439	-3.03594	-0.822874
2.83	1.00693	0.957285	28.1437	-3.24093	-3.91709
2.84	0.926808	0.930494	28.2435	-0.452629	3.58292
2.85	0.927053	0.914754	28.3433	-2.04718	-1.38418
2.86	0.89752	0.925574	28.4431	0.398585	4.8655
2.87	0.905332	0.955203	28.5429	-2.4783	-2.55913
2.88	1.05242	0.98145	28.6427	0.698219	7.90997
2.89	0.948811	0.987491	28.7425	-0.761129	3.1934
2.9	1.01858	0.976281	28.8423	0.971884	-2.3436
2.91	0.960205	0.968064	28.9421	5.93856	-0.894195
2.92	0.939562	0.983003	29.0419	0.633786	0.387849
2.93	1.00393	1.02281	29.1417	1.92752	0.741454
2.94	1.15734	1.06626	29.2415	0.076912	3.57522
2.95	1.07224	1.08295	29.3413	-0.872849	-1.16342
2.96	1.00134	1.05583	29.4411	1.39228	1.44368
2.97	0.964278	0.995703	29.5409	1.63141	-0.953274
2.98	0.996032	0.93667	29.6407	1.37431	3.26659
2.99	0.934483	0.914658	29.7405	-0.920927	1.31483
3	0.935962	0.943643	29.8403	-2.49376	-1.3664
3.01	0.925965	1.00583	29.9401	3.3484	0.0848975
3.02	1.17258	1.06258	30.0399	-1.10246	0.579228
3.03	1.00279	1.07879	30.1397	1.0977	-1.53
3.04	1.09615	1.04468	30.2395	1.92646	0.0278268
3.05	0.886214	0.981149	30.3393	-2.2987	-2.55617
3.06	1.02947	0.926041	30.4391	-0.256783	1.42336
3.07	0.908041	0.910909	30.5389	-1.28574	-0.730959
3.08	0.884267	0.943052	30.6387	1.50586	0.903685
3.09	1.04402	1.00322	30.7385	0.401517	1.08749
3.1	1.03781	1.0589	30.8383	0.125159	-2.15556
3.11	1.08544	1.08392	30.9381	-0.0158142	3.52013
3.12	1.0428	1.07226	31.0379	-3.22939	0.133358
3.13	1.08223	1.03909	31.1377	0.587798	-0.197062
3.14	1.05585	1.00972	31.2375	2.78567	1.90987
3.15	0.957311	1.00419	31.3373	0.766265	-0.43639
3.16	0.986276	1.02625	31.4371	4.19703	5.46251
3.17	1.04234	1.06224	31.5369	-0.0021706	2.66144
3.18	1.17783	1.08961	31.6367	2.68604	-4.25498
3.19	1.09856	1.08976	31.7365	-1.3273	2.49044
3.2	0.941947	1.05848	31.8363	-1.92921	-2.1547
3.21	1.1081	1.00859	31.9361	1.48303	4.49034
3.22	0.98405	0.963508	32.0359	-2.47227	3.51472
3.23	0.875393	0.945097	32.1357	-1.21209	-1.23045
3.24	0.97388	0.961851	32.2355	-2.43858	0.740312
3.25	0.913879	1.00388	32.3353	2.05444	-0.304637
3.26	1.24193	1.04764	32.4351	0.100155	-0.992868
3.27	0.983219	1.06829	32.5349	-2.73166	2.52884
3.28	1.06245	1.05318	32.6347	-1.51574	0.545661
3.29	0.957346	1.00891	32.7345	1.12253	2.06907
3.3	0.993384	0.957829	32.8343	-1.88354	-6.43681
3.31	0.882254	0.925706	32.9341	2.02726	-1.45383
3.32	0.987667	0.927522	33.0339	-4.46882	-3.41357
3.33	0.921204	0.959527	33.1337	1.36342	-1.01632
3.34	1.02786	1.00199	33.2335	-2.20387	2.0089
3.35	1.16197	1.03083	33.3333	0.869164	-1.91132
3.36	0.803461	1.03131	33.4331	4.23335	0.821304
3.37	1.01797	1.00593	33.5329	-1.65868	1.69991
3.38	1.02632	0.972611	33.6327	-1.53556	-3.00029
3.39	0.980183	0.954417	33.7325	1.3221	5.72977
3.4	1.13593	0.966963	33.8323	-1.47441	-2.4182
3.41	0.811973	1.01008	33.9321	-3.49796	-1.05025
3.42	1.0226	1.06768	34.0319	-2.81445	1.57752
3.43	1.1372	1.11546	34.1317	-3.71899	-4.44996
3.44	1.15042	1.13229	34.2315	1.56005	2.28935
3.45	1.22729	1.10991	34.3313	-0.700104	-1.21108
3.46	0.997133	1.05661	34.4311	-2.51906	1.16814
3.47	0.989885	0.993346	34.5309	-3.10916	-1.83159
3.48	0.871188	0.944159	34.6307	-1.40004	-2.00675
3.49	0.953932	0.925268	34.7305	-1.76804	2.47064
3.5	0.922896	0.93809	34.8303	5.19397	1.25456
3.51	1.05951	0.969659	34.9301	-2.23445	-2.08188
3.52	0.963939	1.00033	35.0299	1.91828	-1.15592
3.53	0.996631	1.01467	35.1297	0.913585	1.57719
3.54	1.01925	1.00948	35.2295	0.931176	-0.115482
3.55	0.959299	0.994343	35.3293	1.59996	2.64178
3.56	0.981723	0.984602	35.4291	1.84908	-1.7031
3.57	1.08381	0.991206	35.5289	-1.9418	2.1435
3.58	0.887454	1.01394	35.6287	3.05573	-1.70349
3.59	1.14811	1.04211	35.7285	5.18798	0.774871
3.6	1.01954	1.06184	35.8283	-3.25209	1.8781
3.61	1.05157	1.06466	35.9281	5.07064	-0.0674219
3.62	1.08618	1.05192	36.0279	0.370881	-0.823533
3.63	1.02645	1.03252	36.1277	-0.768188	0.350219
3.64	0.942503	1.01669	36.2275	5.17577	-1.57437
3.65	1.02511	1.0105	36.3273	-0.875931	-1.3748
3.66	1.17107	1.01445	36.4271	1.0235	-3.77257
3.67	0.876674	1.02555	36.5269	-0.935942	-0.037226
3.68	1.08864	1.03984	36.6267	0.622881	1.58548
3.69	1.07146	1.05268	36.7265	-5.06494	-0.444512
3.7	0.942592	1.05791	36.8263	-3.07397	0.53572
3.71	1.13108	1.04878	36.9261	2.36883	-1.15582
3.72	1.0386	1.02277	37.0259	-3.21521	1.74242
3.73	1.00368	0.987935	37.1257	1.60965	0.557557
3.74	0.975597	0.964768	37.2255	0.244257	0.35078
3.75	0.955306	0.978989	37.3253	-1.88458	1.85508
3.76	0.924463	1.04691	37.4251	-3.12769	-1.09329
3.77	1.27256	1.16212	37.525	-4.49404	-0.808024
3.78	1.30692	1.29393	37.6248	-0.439175	-1.45388
3.79	1.38329	1.40174	37.7246	1.25814	6.26008
3.8	1.53491	1.45831	37.8244	1.39077	-3.42101
3.81	1.38604	1.46701	37.9242	2.59727	-0.560104
3.82	1.4084	1.4605	38.024	-1.94601	0.0247386
3.83	1.51408	1.47998	38.1238	2.75265	-6.4525
3.84	1.54513	1.54789	38.2236	1.06332	4.52536
3.85	1.74826	1.65257	38.3234	-0.716138	-3.17421
3.86	1.72906	1.75593	38.4232	4.80938	0.450065
3.87	1.68524	1.81904	38.523	-3.81687	0.519267
3.88	1.97233	1.82805	38.6228	3.2869	-1.92272
3.89	1.76518	1.80192	38.7226	-5.20285	2.94531
3.9	1.70283	1.77694	38.8224	-4.52707	-3.54753
3.91	1.83724	1.77952	38.9222	-0.644125	1.99206
3.92	1.78047	1.80761	39.022	-4.51065	3.50459
3.93	1.90962	1.83421	39.1218	-2.41601	-1.7224
3.94	1.82496	1.82996	39.2216	1.33056	3.03575
3.95	1.82599	1.78709	39.3214	2.447	-1.0111
3.96	1.4429	1.72617	39.4212	-1.68698	-2.10294
3.97	1.86108	1.68013	39.521	-1.15399	-0.236213
3.98	1.77005	1.66789	39.6208	-1.30922	-2.22603
3.99	1.63728	1.678	39.7206	1.80146	0.215314
4	1.65059	1.67554	39.8204	-1.483	-3.63339
4.01	1.59689	1.62778	39.9202	3.12501	-4.25925
4.02	1.53886	1.52945	40.02	1.40586	2.14616
4.03	1.31996	1.40853	40.1198	-1.5901	1.77076
4.04	1.39281	1.30772	40.2196	1.65706	1.20738
4.05	1.3368	1.25516	40.3194	-2.09325	-0.266259
4.06	1.24489	1.24606	40.4192	2.18849	-1.32022
4.07	1.1624	1.24872	40.519	-0.575961	2.8338
4.08	1.19842	1.22979	40.6188	-1.32018	0.729412
4.09	1.16018	1.17954	40.7186	4.27955	-4.01858
4.1	1.14898	1.11799	40.8184	-0.566809	3.99458
4.11	1.20959	1.07761	40.9182	-2.0064	-7.29347
4.12	1.02519	1.07636	41.018	3.30838	4.57835
4.13	1.08624	1.10194	41.1178	0.125486	2.05001
4.14	0.92976	1.1196	41.2176	1.11951	0.153068
4.15	1.27847	1.09784	41.3174	1.23111	0.471835
4.16	1.08288	1.03281	41.4172	-2.63883	-0.0257211
4.17	0.870712	0.952964	41.517	-0.75179	1.68459
4.18	0.874933	0.900547	41.6168	2.65987	-0.874502
4.19	0.976196	0.903017	41.7166	-3.16442	-3.75398
4.2	0.893033	0.954854	41.8164	2.05552	7.75846
4.21	1.07365	1.02193	41.9162	0.665575	0.0620673
4.22	1.04138	1.06437	42.016	-0.211232	0.189918
4.23	0.987144	1.06127	42.1158	-8.42565	1.534
4.24	1.14424	1.0207	42.2156	0.203358	-1.49821
4.25	0.904243	0.970286	42.3154	0.967223	2.66751
4.26	0.92603	0.937043	42.4152	-1.3481	1.28129
4.27	1.05234	0.931579	42.515	2.45983	-1.31139
4.28	0.772028	0.946106	42.6148	-6.95082	1.43292
4.29	1.05968	0.964635	42.7146	2.00815	-0.748756
4.3	0.90572	0.97559	42.8144	0.940231	2.84774
4.31	1.0277	0.977519	42.9142	-4.24317	1.07176
4.32	1.06772	0.975901	43.014	-1.36397	2.95252
4.33	0.860357	0.976291	43.1138	-2.22461	2.45322
4.34	0.978246	0.98054	43.2136	0.547966	-2.95261
4.35	0.993282	0.988301	43.3134	-1.40204	-0.290625
4.36	1.08193	1.00037	43.4132	-1.42383	-1.09128
4.37	0.93495	1.01901	43.513	-1.40187	-3.97371
4.38	1.02086	1.0441	43.6128	0.556249	3.68991
4.39	1.12778	1.06921	43.7126	-0.70193	-0.771189
4.4	1.13464	1.08256	43.8124	1.1105	-1.2333
4.41	1.05638	1.07416	43.9122	4.49727	-4.40055
4.42	0.920126	1.04407	44.012	-2.51476	0.502481
4.43	1.02374	1.00465	44.1118	-2.8265	-0.903858
4.44	1.10147	0.973732	44.2116	2.7322	-0.981737
4.45	0.86802	0.962826	44.3114	-0.674213	-1.20685
4.46	1.06879	0.969462	44.4112	0.0533994	-1.88532
4.47	0.853867	0.979806	44.511	-0.372665	-1.1204
4.48	1.07672	0.980038	44.6108	5.57637	1.32872
4.49	0.892107	0.967657	44.7106	2.2526	-1.96922
4.5	0.959665	0.953581	44.8104	-2.56161	3.12654
4.51	0.976881	0.953085	44.9102	0.822866	-2.08215
4.52	0.974441	0.972662	45.01	4.25594	-0.582798
4.53	1.0461	1.00348	45.1098	-2.3418	2.90782
4.54	1.07675	1.02707	45.2096	4.5516	-2.82882
4.55	0.843928	1.02922	45.3094	-1.42718	2.08867
4.56	1.0316	1.01096	45.4092	0.210427	-0.0701111
4.57	1.07943	0.987945	45.509	-1.05614	-2.27478
4.58	0.98394	0.978335	45.6088	-1.26943	-1.24522
4.59	1.06274	0.988762	45.7086	-0.936279	-3.11987
4.6	0.889441	1.0096	45.8084	-0.384875	0.937331
4.61	0.96166	1.02348	45.9082	-3.48057	-0.817731
4.62	1.11394	1.02035	46.008	3.17209	3.50177
4.63	1.01548	1.00685	46.1078	-0.549863	5.73678
4.64	1.00767	1.00212	46.2076	1.12873	-3.57639
4.65	0.981548	1.0227	46.3074	0.922056	-2.07975
4.66	1.05739	1.06821	46.4072	0.0543985	-1.17368
4.67	1.18334	1.119	46.507	2.42164	-3.08994
4.68	1.1763	1.14827	46.6068	0.57679	0.678631
4.69	1.0519	1.13988	46.7066	-3.58302	2.46215
4.7	0.986213	1.09902	46.8064	3.48289	-0.108493
4.71	1.21502	1.04813	46.9062	2.12538	2.37538
4.72	1.08693	1.01147	47.006	-1.74238	-1.95945
4.73	0.889518	0.999923	47.1058	0.62066	5.92902
4.74	0.997704	1.0064	47.2056	-2.68138	1.57383
4.75	1.05247	1.01392	47.3054	1.72933	-0.368174
4.76	0.908905	1.00915	47.4052	-0.762374	1.71124
4.77	1.00112	0.991012	47.505	-3.47867	-1.93633
4.78	1.08112	0.969318	47.6048	-3.40196	3.21609
4.79	1.05263	0.95613	47.7046	-2.68758	-1.55437
4.8	0.810999	0.957728	47.8044	-1.2287	-2.18226
4.81	0.872852	0.972783	47.9042	2.28082	-0.16039
4.82	1.01898	0.996203	48.004	2.12348	1.71288
4.83	1.1889	1.02344	48.1038	1.31848	-1.31971
4.84	1.00154	1.05084	48.2036	-4.05227	-2.6416
4.85	1.01115	1.07271	48.3034	4.43007	-1.61238
4.86	1.13645	1.07984	48.4032	-0.213523	0.100495
4.87	1.01169	1.06339	48.503	0.201842	-0.843371
4.88	1.02488	1.02271	48.6028	-2.11796	-0.759821
4.89	1.01117	0.970548	48.7026	-0.0972235	2.25534
4.9	0.914175	0.929641	48.8024	2.86263	1.11382
4.91	0.835807	0.920778	48.9022	0.383375	-0.649234
4.92	1.05852	0.949807	49.002	-2.84053	1.82101
4.93	1.09717	1.00307	49.1018	-1.99937	0.342757
4.94	0.901269	1.05531	49.2016	3.12037	-1.82141
4.95	1.01586	1.08508	49.3014	1.45274	-6.47686
4.96	1.20188	1.08675	49.4012	1.6642	3.59026
4.97	1.02814	1.07104	49.501	2.29079	-1.62363
4.98	1.16592	1.05449	49.6008	2.71881	-1.79514
4.99	0.962429	1.04659	49.7006	-4.41765	-0.851977
5	1.01817	1.04472	49.8004	-1.69936	-1.48657
5.01	1.09087	1.03977	49.9002	0.543589	3.02793
5.02	0.964296	1.02687	50	2.5236	0
5.03	1.06167	1.01127	50.0998	0.543589	-3.02793
5.04	0.927117	1.0042	50.1996	-1.69936	1.48657
5.05	1.12969	1.01222	50.2994	-4.41765	0.851977
5.06	1.01923	1.02952	50.3992	2.71881	1.79514
5.07	1.04811	1.04039	50.499	2.29079	1.62363
5.08	0.928082	1.03072	50.5988	1.6642	-3.59026
5.09	0.929685	0.999187	50.6986	1.45274	6.47686
5.1	1.14658	0.959055	50.7984	3.12037	1.82141
5.11	0.872447	0.928676	50.8982	-1.99937	-0.342757
5.12	0.972439	0.918164	50.998	-2.84053	-1.82101
5.13	0.871825	0.923011	51.0978	0.383375	0.649234
5.14	0.892467	0.929727	51.1976	2.86263	-1.11382
5.15	0.881602	0.928637	51.2974	-0.0972235	-2.25534
5.16	0.940428	0.922964	51.3972	-2.11796	0.759821
5.17	1.10496	0.926386	51.497	0.201842	0.843371
5.18	0.857053	0.950908	51.5968	-0.213523	-0.100495
5.19	0.920344	0.995177	51.6966	4.43007	1.61238
5.2	1.04175	1.04324	51.7964	-4.05227	2.6416
5.21	1.18088	1.07518	51.8962	1.31848	1.31971
5.22	0.945987	1.08114	51.996	2.12348	-1.71288
5.23	1.22602	1.06733	52.0958	2.28082	0.16039
5.24	0.942074	1.04923	52.1956	-1.2287	2.18226
5.25	1.04286	1.03817	52.2954	-2.68758	1.55437
5.26	0.995214	1.03278	52.3952	-3.40196	-3.21609
5.27	1.21401	1.02295	52.495	-3.47867	1.93633
5.28	0.81797	1.00244	52.5948	-0.762374	-1.71124
5.29	1.03359	0.978526	52.6946	1.72933	0.368174
5.3	0.934255	0.968674	52.7944	-2.68138	-1.57383
5.31	0.930851	0.985579	52.8942	0.62066	-5.92902
5.32	1.20149	1.02261	52.994	-1.74238	1.95945
5.33	1.00744	1.05332	53.0938	2.12538	-2.37538
5.34	0.982152	1.04809	53.1936	3.48289	0.108493
5.35	1.0223	0.996788	53.2934	-3.58302	-2.46215
5.36	0.841545	0.919872	53.3932	0.57679	-0.678631
5.37	0.893456	0.857791	53.493	2.42164	3.08994
5.38	0.894888	0.844989	53.5928	0.0543985	1.17368
5.39	0.973421	0.887136	53.6926	0.922056	2.07975
5.4	0.851523	0.958562	53.7924	1.12873	3.57639
5.41	0.99818	1.02179	53.8922	-0.549863	-5.73678
5.42	1.08507	1.05411	53.992	3.17209	-3.50177
5.43	0.993537	1.06081	54.0918	-3.48057	0.817731
5.44	1.12707	1.06547	54.1916	-0.384875	-0.937331
5.45	1.10466	1.08608	54.2914	-0.936279	3.11987
5.46	1.15059	1.11721	54.3912	-1.26943	1.24522
5.47	1.18127	1.13336	54.491	-1.05614	2.27478
5.48	0.947613	1.11108	54.5908	0.210427	0.0701111
5.49	1.03959	1.05159	54.6906	-1.42718	-2.08867
5.5	1.02162	0.9843	54.7904	4.5516	2.82882
5.51	0.986572	0.946952	54.8902	-2.3418	-2.90782
5.52	1.06124	0.957233	54.99	4.25594	0.582798
5.53	0.998548	0.99855	55.0898	0.822866	2.08215
5.54	0.856942	1.03223	55.1896	-2.56161	-3.12654
5.55	1.0616	1.02748	55.2894	2.2526	1.96922
5.56	0.941418	0.985783	55.3892	5.57637	-1.32872
5.57	0.978837	0.940318	55.489	-0.372665	1.1204
5.58	1.09628	0.930231	55.5888	0.0533994	1.88532
5.59	0.952645	0.969782	55.6886	-0.674213	1.20685
5.6	0.914894	1.03667	55.7884	2.7322	0.981737
5.61	1.05298	1.08894	55.8882	-2.8265	0.903858
5.62	1.00382	1.09715	55.988	-2.51476	-0.502481
5.63	1.29022	1.06651	56.0878	4.49727	4.40055
5.64	1.00401	1.03154	56.1876	1.1105	1.2333
5.65	0.952322	1.02772	56.2874	-0.70193	0.771189
5.66	1.17101	1.06297	56.3872	0.556249	-3.68991
5.67	1.02473	1.11144	56.487	-1.40187	3.97371
5.68	1.11941	1.13417	56.5868	-1.42383	1.09128
5.69	1.01332	1.10956	56.6866	-1.40204	0.290625
5.7	1.20186	1.04923	56.7864	0.547966	2.95261
5.71	0.96285	0.987386	56.8862	-2.22461	-2.45322
5.72	0.966885	0.953655	56.986	-1.36397	-2.95252
5.73	1.00055	0.952263	57.0858	-4.24317	-1.07176
5.74	0.932929	0.964113	57.1856	0.940231	-2.84774
5.75	0.851784	0.968048	57.2854	2.00815	0.748756
5.76	0.920732	0.961182	57.3852	-6.95082	-1.43292
5.77	0.975745	0.959564	57.485	2.45983	1.31139
5.78	1.23488	0.97876	57.5848	-1.3481	-1.28129
5.79	1.00859	1.01306	57.6846	0.967223	-2.66751
5.8	0.880228	1.03474	57.7844	0.203358	1.49821
5.81	0.959844	1.01732	57.8842	-8.42565	-1.534
5.82	0.860354	0.963909	57.984	-0.211232	-0.189918
5.83	0.996274	0.913382	58.0838	0.665575	-0.0620673
5.84	1.13061	0.913609	58.1836	2.05552	-7.75846
5.85	0.884485	0.979751	58.2834	-3.16442	3.75398
5.86	1.15522	1.07291	58.3832	2.65987	0.874502
5.87	1.05905	1.12256	58.483	-0.75179	-1.68459
5.88	0.786256	1.08154	58.5828	-2.63883	0.0257211
5.89	1.12127	0.971197	58.6826	1.23111	-0.471835
5.9	0.890037	0.875369	58.7824	1.11951	-0.153068
5.91	1.08706	0.878363	58.8822	0.125486	-2.05001
5.92	1.07247	0.990301	58.982	3.30838	-4.57835
5.93	0.938996	1.12347	59.0818	-2.0064	7.29347
5.94	1.04483	1.15439	59.1816	-0.566809	-3.99458
5.95	0.860132	1.04275	59.2814	4.27955	4.01858
5.96	1.03344	0.924951	59.3812	-1.32018	-0.729412
5.97	1.33575	1.09997	59.481	-0.575961	-2.8338
5.98	2.08534	1.88765	59.5808	2.18849	1.32022
5.99	3.41877	3.42743	59.6806	-2.09325	0.266259
6	5.07212	5.53902	59.7804	1.65706	-1.20738
6.01	7.56144	7.74439	59.8802	-1.5901	-1.77076
6.02	9.77042	9.45972	59.98	1.40586	-2.14616
6.03	10.396	10.2617	60.0798	3.12501	4.25925
6.04	10.0013	10.0816	60.1796	-1.483	3.63339
6.05	9.80048	9.21761	60.2794	1.80146	-0.215314
6.06	7.73283	8.15923	60.3792	-1.30922	2.22603
6.07	6.48862	7.32503	60.479	-1.15399	0.236213
6.08	7.20748	6.8601	60.5788	-1.68698	2.10294
6.09	6.96925	6.60012	60.6786	2.447	1.0111
6.1	6.86544	6.21046	60.7784	1.33056	-3.03575
6.11	4.93499	5.41287	60.8782	-2.41601	1.7224
6.12	3.83334	4.1717	60.978	-4.51065	-3.50459
6.13	2.41099	2.74293	61.0778	-0.644125	-1.99206
6.14	1.75074	1.56717	61.1776	-4.52707	3.54753
6.15	1.58291	1.06663	61.2774	-5.20285	-2.94531
6.16	1.5411	1.44658	61.3772	3.2869	1.92272
6.17	2.4153	2.59201	61.477	-3.81687	-0.519267
6.18	3.9057	4.10177	61.5768	4.80938	-0.450065
6.19	5.06132	5.44232	61.6766	-0.716138	3.17421
6.2	6.58601	6.15388	61.7764	1.06332	-4.52536
6.21	6.09954	6.02243	61.8762	2.75265	6.4525
6.22	5.12208	5.1451	61.976	-1.94601	-0.0247386
6.23	3.96455	3.86268	62.0758	2.59727	0.560104
6.24	2.34805	2.59289	62.1756	1.39077	3.42101
6.25	1.73442	1.64668	62.2754	1.25814	-6.26008
6.26	0.972495	1.12	62.3752	-0.439175	1.45388
6.27	1.08312	0.914038	62.475	-4.49404	0.808024
6.28	0.835634	0.864076	62.5749	-3.12769	1.09329
6.29	0.85866	0.891669	62.6747	-1.88458	-1.85508
6.3	1.15897	1.07771	62.7745	0.244257	-0.35078
6.31	1.69832	1.60241	62.8743	1.60965	-0.557557
6.32	2.51507	2.5857	62.9741	-3.21521	-1.74242
6.33	3.67748	3.93341	63.0739	2.36883	1.15582
6.34	5.26807	5.30107	63.1737	-3.07397	-0.53572
6.35	6.37239	6.21886	63.2735	-5.06494	0.444512
6.36	6.68533	6.31804	63.3733	0.622881	-1.58548
6.37	5.38329	5.52887	63.4731	-0.935942	0.037226
6.38	4.03269	4.12958	63.5729	1.0235	3.77257
6.39	2.27762	2.61319	63.6727	-0.875931	1.3748
6.4	1.44829	1.44775	63.7725	5.17577	1.57437
6.41	1.15079	0.867541	63.8723	-0.768188	-0.350219
6.42	1.09665	0.807674	63.9721	0.370881	0.823533
6.43	0.930506	1.00271	64.0719	5.07064	0.0674219
6.44	0.897967	1.17186	64.1717	-3.25209	-1.8781
6.45	0.926899	1.17178	64.2715	5.18798	-0.774871
6.46	1.14753	1.0345	64.3713	3.05573	1.70349
6.47	1.22522	0.890973	64.4711	-1.9418	-2.1435
6.48	0.797351	0.851904	64.5709	1.84908	1.7031
6.49	0.879989	0.931597	64.6707	1.59996	-2.64178
6.5	1.11813	1.05615	64.7705	0.931176	0.115482
6.51	0.868532	1.13286	64.8703	0.913585	-1.57719
6.52	1.14012	1.11972	64.9701	1.91828	1.15592
6.53	1.16475	1.04501	65.0699	-2.23445	2.08188
6.54	1.0409	0.972004	65.1697	5.19397	-1.25456
6.55	0.989361	0.944659	65.2695	-1.76804	-2.47064
6.56	0.911158	0.958584	65.3693	-1.40004	2.00675
6.57	0.896645	0.975001	65.4691	-3.10916	1.83159
6.58	0.853408	0.959746	65.5689	-2.51906	-1.16814
6.59	1.05304	0.912456	65.6687	-0.700104	1.21108
6.6	0.819132	0.863827	65.7685	1.56005	-2.28935
6.61	0.899773	0.847352	65.8683	-3.71899	4.44996
6.62	0.984123	0.871726	65.9681	-2.81445	-1.57752
6.63	0.780477	0.916443	66.0679	-3.49796	1.05025
6.64	0.952975	0.951499	66.1677	-1.47441	2.4182
6.65	0.843402	0.962077	66.2675	1.3221	-5.72977
6.66	1.02766	0.95706	66.3673	-1.53556	3.00029
6.67	1.07671	0.956112	66.4671	-1.65868	-1.69991
6.68	0.985865	0.969054	66.5669	4.23335	-0.821304
6.69	0.905424	0.986914	66.6667	0.869164	1.91132
6.7	0.964198	0.992291	66.7665	-2.20387	-2.0089
6.71	0.948209	0.978671	66.8663	1.36342	1.01632
6.72	1.04244	0.960106	66.9661	-4.46882	3.41357
6.73	0.88183	0.961222	67.0659	2.02726	1.45383
6.74	1.05377	0.995289	67.1657	-1.88354	6.43681
6.75	1.08179	1.04935	67.2655	1.12253	-2.06907
6.76	1.09809	1.09028	67.3653	-1.51574	-0.545661
6.77	1.04996	1.08846	67.4651	-2.73166	-2.52884
6.78	1.00206	1.04039	67.5649	0.100155	0.992868
6.79	0.914107	0.972263	67.6647	2.05444	0.304637
6.8	0.95853	0.921258	67.7645	-2.43858	-0.740312
6.81	1.06876	0.909505	67.8643	-1.21209	1.23045
6.82	0.922064	0.930971	67.9641	-2.47227	-3.51472
6.83	0.805676	0.960537	68.0639	1.48303	-4.49034
6.84	0.976928	0.976222	68.1637	-1.92921	2.1547
6.85	0.979563	0.975396	68.2635	-1.3273	-2.49044
6.86	1.08334	0.972074	68.3633	2.68604	4.25498
6.87	0.891046	0.97941	68.4631	-0.0021706	-2.66144
6.88	1.00279	0.99435	68.5629	4.19703	-5.46251
6.89	1.134	0.999179	68.6627	0.766265	0.43639
6.9	0.840569	0.979118	68.7625	2.78567	-1.90987
6.91	0.894799	0.939906	68.8623	0.587798	0.197062
6.92	0.976004	0.908044	68.9621	-3.22939	-0.133358
6.93	0.859528	0.910845	69.0619	-0.0158142	-3.52013
6.94	1.02799	0.951787	69.1617	0.125159	2.15556
6.95	1.05125	1.0028	69.2615	0.401517	-1.08749
6.96	1.0191	1.02279	69.3613	1.50586	-0.903685
6.97	0.83298	0.989972	69.4611	-1.28574	0.730959
6.98	0.929127	0.922414	69.5609	-0.256783	-1.42336
6.99	0.929826	0.868453	69.6607	-2.2987	2.55617
7	0.989545	0.871695	69.7605	1.92646	-0.0278268
7.01	0.852909	0.936425	69.8603	1.0977	1.53
7.02	0.968555	1.02082	69.9601	-1.10246	-0.579228
7.03	1.17901	1.0652	70.0599	3.3484	-0.0848975
7.04	0.841315	1.03541	70.1597	-2.49376	1.3664
7.05	1.08145	0.948948	70.2595	-0.920927	-1.31483
7.06	0.834582	0.863657	70.3593	1.37431	-3.26659
7.07	0.888665	0.83691	70.4591	1.63141	0.953274
7.08	0.871417	0.885721	70.5589	1.39228	-1.44368
7.09	0.989125	0.977278	70.6587	-0.872849	1.16342
7.1	0.978309	1.05588	70.7585	0.076912	-3.57522
7.11	1.04724	1.08449	70.8583	1.92752	-0.741454
7.12	1.14871	1.06864	70.9581	0.633786	-0.387849
7.13	1.14866	1.04552	71.0579	5.93856	0.894195
7.14	0.928914	1.04897	71.1577	0.971884	2.3436
7.15	1.04546	1.07986	71.2575	-0.761129	-3.1934
7.16	1.21694	1.10626	71.3573	0.698219	-7.90997
7.17	0.9796	1.0925	71.4571	-2.4783	2.55913
7.18	1.0921	1.03244	71.5569	0.398585	-4.8655
7.19	0.909987	0.958533	71.6567	-2.04718	1.38418
7.2	0.988533	0.918014	71.7565	-0.452629	-3.58292
7.21	1.00276	0.934893	71.8563	-3.24093	3.91709
7.22	0.82265	0.988961	71.9561	-3.03594	0.822874
7.23	1.09287	1.03012	72.0559	2.77892	2.15744
7.24	0.952183	1.01809	72.1557	-1.5026	3.55205
7.25	1.08683	0.956431	72.2555	-0.632744	-2.92972
7.26	0.869269	0.892996	72.3553	1.81665	-0.0428911
7.27	0.858426	0.884838	72.4551	-4.49883	0.462581
7.28	0.938176	0.953697	72.5549	2.7914	-1.37339
7.29	1.01781	1.06649	72.6547	0.761316	2.17671
7.3	1.21998	1.15666	72.7545	0.116229	-0.733147
7.31	1.16765	1.17101	72.8543	-1.46423	0.579199
7.32	1.15811	1.10703	72.9541	-7.01766	4.41128
7.33	0.945068	1.01273	73.0539	-0.150248	-0.0418665
7.34	0.95848	0.950037	73.1537	1.83796	4.80624
7.35	0.91705	0.949792	73.2535	-1.64046	-0.861614
7.36	1.01587	0.992591	73.3533	0.81327	2.44189
7.37	1.0512	1.02853	73.4531	-3.29078	1.06677
7.38	1.09008	1.01893	73.5529	-2.8647	-3.14875
7.39	0.864037	0.966819	73.6527	0.694594	1.82195
7.4	0.893193	0.912734	73.7525	-2.35711	-0.404952
7.41	0.938523	0.900603	73.8523	2.39617	-4.73663
7.42	0.903087	0.941709	73.9521	-1.31207	4.56223
7.43	1.13795	1.00567	74.0519	-0.0464321	-1.32891
7.44	0.952893	1.04522	74.1517	3.1978	3.44265
7.45	1.01619	1.03455	74.2515	0.111618	-1.85098
7.46	1.0372	0.990235	74.3513	-0.717934	1.99836
7.47	0.856672	0.958007	74.4511	0.0300086	3.34651
7.48	1.06122	0.975765	74.5509	-0.311485	-0.373576
7.49	1.06779	1.04213	74.6507	0.651177	4.79426
7.5	1.11275	1.1155	74.7505	0.086714	-2.96768
7.51	1.12274	1.14473	74.8503	1.92134	0.881953
7.52	1.04227	1.10787	74.9501	-3.26237	2.24516
7.53	1.06315	1.02933	75.0499	1.45024	2.48778
7.54	0.990722	0.962717	75.1497	-0.574443	1.2121
7.55	0.986773	0.952353	75.2495	-2.17985	-1.60621
7.56	0.958069	1.0026	75.3493	1.05227	1.7485
7.57	1.09065	1.07675	75.4491	-3.58452	0.288577
7.58	1.09025	1.12481	75.5489	-1.66905	1.51667
7.59	1.15259	1.11818	75.6487	-1.59782	5.06945
7.6	1.01874	1.06603	75.7485	0.680381	0.78519
7.61	1.04356	1.00377	75.8483	3.75939	-4.27618
7.62	1.0012	0.965346	75.9481	0.863206	1.68221
7.63	0.934786	0.96172	76.0479	-0.901574	1.95485
7.64	0.971105	0.980072	76.1477	-0.53605	3.21286
7.65	0.966322	1.00055	76.2475	-1.24246	2.20145
7.66	1.00873	1.01385	76.3473	2.62067	-2.88162
7.67	1.09228	1.02484	76.4471	-4.69394	-0.807577
7.68	1.01086	1.04103	76.5469	0.210198	1.41614
7.69	1.10414	1.05879	76.6467	1.08032	1.78428
7.7	1.01177	1.06153	76.7465	0.00210654	3.80676
7.71	0.984026	1.03289	76.8463	-1.7223	-1.43315
7.72	1.00428	0.973861	76.9461	-3.09918	1.62041
7.73	0.983115	0.908039	77.0459	1.42223	-3.13809
7.74	0.800407	0.868556	77.1457	2.51629	6.01096
7.75	0.897042	0.87543	77.2455	3.99147	0.666125
7.76	0.956017	0.920932	77.3453	5.39318	0.151474
7.77	0.876148	0.97484	77.4451	0.592123	3.21399
7.78	1.03091	1.00599	77.5449	-1.84769	-3.9144
7.79	1.08107	1.00362	77.6447	3.25046	-1.95195
7.8	0.973222	0.982283	77.7445	-2.24716	2.31532
7.81	0.913241	0.967538	77.8443	3.32662	-4.61713
7.82	0.937037	0.974708	77.9441	0.688241	0.388935
7.83	1.06664	0.998238	78.0439	0.593081	1.26193
7.84	1.07773	1.01951	78.1437	1.9305	-0.265347
7.85	0.91182	1.02534	78.2435	-2.22344	-0.373295
7.86	1.06612	1.02037	78.3433	0.946014	-3.24376
7.87	0.974179	1.02208	78.4431	-1.04302	0.913401
7.88	1.14379	1.0425	78.5429	-0.604246	0.788533
7.89	0.961467	1.07297	78.6427	2.06287	2.61022
7.9	1.26223	1.08669	78.7425	-0.410401	4.63949
7.91	0.842367	1.05947	78.8423	0.163051	-5.25323
7.92	1.04934	0.992593	78.9421	-0.473961	0.377621
7.93	1.02181	0.918488	79.0419	3.04567	-0.875497
7.94	0.836112	0.88169	79.1417	2.3838	1.3555
7.95	0.85137	0.90752	79.2415	2.7447	2.63894
7.96	1.05227	0.981754	79.3413	-2.25009	2.04879
7.97	0.981199	1.05783	79.4411	-0.499941	0.467853
7.98	1.13939	1.08792	79.5409	-3.0871	-0.412083
7.99	1.08462	1.05587	79.6407	-0.536919	1.95159
8	0.961952	0.987801	79.7405	-4.63823	0.137476
8.01	0.876801	0.93243	79.8403	3.57191	-0.586516
8.02	0.956268	0.925789	79.9401	-0.366723	0.660173
8.03	1.02183	0.966422	80.0399	-0.142597	-0.376929
8.04	0.982437	1.01914	80.1397	1.70519	1.55217
8.05	1.05758	1.04362	80.2395	-0.383109	2.77238
8.06	0.947999	1.0255	80.3393	-2.20945	-1.86126
8.07	1.0814	0.986213	80.4391	6.84565	2.32908
8.08	0.915376	0.964777	80.5389	-3.00614	-0.831629
8.09	1.0273	0.986121	80.6387	1.44537	-5.2874
8.1	0.984753	1.04096	80.7385	-0.374719	3.64038
8.11	1.12798	1.09265	80.8383	-2.24715	-2.8881
8.12	1.11658	1.10539	80.9381	8.68418	0.163395
8.13	1.07109	1.07177	81.0379	-7.6894	4.05951
8.14	0.9676	1.01824	81.1377	0.193038	-4.41557
8.15	0.995835	0.984426	81.2375	-0.0558372	5.26324
8.16	1.01088	0.992469	81.3373	-2.84497	0.195873
8.17	1.10582	1.02989	81.4371	5.80069	-6.5077
8.18	0.989795	1.05917	81.5369	-1.18368	4.44849
8.19	0.996044	1.04647	81.6367	-0.730157	-3.37315
8.2	1.00278	0.987844	81.7365	7.44711	2.1951
8.21	1.02106	0.913106	81.8363	-3.8187	1.90436
8.22	0.730221	0.865126	81.9361	4.59076	-7.87529
8.23	0.917892	0.870297	82.0359	-1.41115	0.614599
8.24	1.01323	0.922059	82.1357	-4.98608	-0.335409
8.25	0.952335	0.988657	82.2355	7.33843	-1.84439
8.26	0.879103	1.03781	82.3353	1.26692	3.69919
8.27	1.12817	1.0588	82.4351	-1.60568	-6.73059
8.28	1.23863	1.06559	82.5349	1.82761	1.04608
8.29	0.892002	1.08015	82.6347	-6.19841	-0.83791
8.3	1.18227	1.11026	82.7345	4.07394	-0.578193
8.31	1.21217	1.14017	82.8343	0.355923	6.56475
8.32	0.97769	1.14161	82.9341	0.482479	-3.56811
8.33	1.1899	1.0969	83.0339	0.0101037	2.67554
8.34	0.933228	1.01615	83.1337	-3.47947	-2.57014
8.35	1.04497	0.935068	83.2335	-0.207898	1.87222
8.36	0.913051	0.894207	83.3333	-1.63472	2.30531
8.37	0.941395	0.913918	83.4331	5.9051	-7.3542
8.38	0.816318	0.98225	83.5329	0.572029	2.2778
8.39	1.01946	1.06334	83.6327	-7.05196	-1.94014
8.4	1.2591	1.11964	83.7325	1.70362	0.535936
8.41	1.24047	1.13249	83.8323	-0.954198	6.55541
8.42	1.04168	1.10848	83.9321	4.3002	-6.87236
8.43	0.948144	1.06961	84.0319	4.03099	2.78587
8.44	1.01968	1.0365	84.1317	-11.6492	-7.1644
8.45	1.10751	1.01694	84.2315	5.56529	-1.73995
8.46	1.07542	1.00611	84.3313	-2.51923	8.78864
8.47	0.935884	0.995704	84.4311	0.259707	-13.4677
8.48	0.891733	0.983286	84.5309	6.47189	2.40077
8.49	1.05842	0.974695	84.6307	-11.0891	3.14579
8.5	1.02992	0.978838	84.7305	2.89329	-2.25707
8.51	0.924837	1.00005	84.8303	0.828977	13.2551
8.52	1.0003	1.03423	84.9301	0.735574	-6.59886
8.53	1.11588	1.07123	85.0299	5.42717	1.43908
8.54	1.11891	1.10068	85.1297	-11.3574	4.56885
8.55	1.21015	1.11672	85.2295	1.73107	-6.02747
8.56	0.880782	1.11882	85.3293	9.15016	9.4079
8.57	1.2558	1.1095	85.4291	1.30218	1.65093
8.58	1.09927	1.09219	85.5289	3.93978	-7.95588
8.59	1.0952	1.07094	85.6287	-8.28139	-1.1559
8.6	0.965359	1.05126	85.7285	-2.14717	-3.02965
8.61	1.0446	1.03958	85.8283	1.15371	4.27882
8.62	1.05089	1.04004	85.9281	0.0816227	1.62129
8.63	1.16073	1.05034	86.0279	3.63745	-3.9563
8.64	0.979187	1.06044	86.1277	-5.47606	1.89199
8.65	1.03097	1.05667	86.2275	-6.34453	4.99726
8.66	1.01665	1.03008	86.3273	2.19455	1.88155
8.67	0.94861	0.983739	86.4271	10.5485	1.2573
8.68	1.07065	0.933792	86.5269	0.0111856	-2.94924
8.69	0.910498	0.902196	86.6267	-9.24702	-6.31507
8.7	0.798589	0.904827	86.7265	5.96745	7.7573
8.71	0.92673	0.94201	86.8263	-2.11979	2.71231
8.72	1.02026	0.997525	86.9261	10.152	-9.00218
8.73	1.06871	1.04701	87.0259	5.2906	9.46675
8.74	1.10664	1.07089	87.1257	-13.5817	-8.07842
8.75	1.03376	1.06412	87.2255	14.102	-2.58734
8.76	1.06535	1.0371	87.3253	-12.206	16.8041
8.77	0.932352	1.00766	87.4251	5.22459	-19.5871
8.78	0.994365	0.989486	87.525	16.145	6.36205
8.79	1.04887	0.984218	87.6248	-26.4584	-7.29037
8.8	0.983864	0.982132	87.7246	15.37	-9.23376
8.81	0.925763	0.970517	87.8244	-1.81212	30.4416
8.82	0.904027	0.944211	87.9242	-6.62482	-21.7388
8.83	1.03658	0.91122	88.024	26.9151	2.25194
8.84	0.85962	0.889445	88.1238	-32.7215	3.44415
8.85	0.794399	0.896055	88.2236	2.8858	-19.6935
8.86	0.982444	0.935851	88.3234	12.7786	31.9092
8.87	0.948251	0.996014	88.4232	-12.4707	-18.8409
8.88	1.19346	1.05112	88.523	23.6614	-9.66805
8.89	1.05473	1.07619	88.6228	-17.4255	14.9566
8.9	1.01563	1.06049	88.7226	-4.08429	-21.4274
8.91	0.922269	1.01387	88.8224	13.894	24.1147
8.92	0.967115	0.961432	88.9222	-8.57529	-3.45787
8.93	1.03773	0.929591	89.022	22.5968	-11.9765
8.94	0.954529	0.931426	89.1218	-11.6085	7.74807
8.95	0.956216	0.960274	89.2216	-12.2807	-15.5794
8.96	0.932097	0.995234	89.3214	13.0854	17.6992
8.97	0.904361	1.01501	89.4212	-6.77421	5.75079
8.98	1.16765	1.0112	89.521	13.6451	-14.4048
8.99	0.945094	0.992797	89.6208	-10.0053	2.98447
9	1.04026	0.979067	89.7206	-4.27909	-7.06923
9.01	0.954969	0.986002	89.8204	4.43595	18.1788
9.02	0.966243	1.01514	89.9202	-3.62436	-3.36333
9.03	1.06767	1.05212	90.02	16.2988	-6.78774
9.04	1.11047	1.07562	90.1198	-14.9286	-0.0347341
9.05	1.02658	1.07071	90.2196	-3.01028	-8.69379
9.06	0.997374	1.03796	90.3194	3.45518	27.1003
9.07	1.14169	0.992829	90.4192	-4.81288	-3.47922
9.08	0.931651	0.956327	90.519	27.5921	-12.6175
9.09	0.84213	0.943329	90.6188	-17.6201	5.06532
9.1	0.915431	0.955587	90.7186	-6.97986	-14.0184
9.11	1.07275	0.982898	90.8184	13.3881	27.6257
9.12	1.04517	1.01039	90.9182	-11.2548	4.99293
9.13	0.982347	1.02661	91.018	24.9728	-22.2491
9.14	1.06333	1.02776	91.1178	-9.61161	10.4941
9.15	0.939233	1.01681	91.2176	-20.6784	-15.6545
9.16	1.05212	0.999736	91.3174	18.2492	13.8667
9.17	0.936346	0.981997	91.4172	-7.44628	15.0025
9.18	1.03148	0.967231	91.517	10.9974	-21.2012
9.19	0.924085	0.957573	91.6168	1.40056	-0.736708
9.2	0.987892	0.954138	91.7166	-25.3396	-3.59746
9.21	0.892132	0.956738	91.8164	2.36655	-8.23124
9.22	1.02927	0.963375	91.9162	13.9264	16.2052
9.23	0.933361	0.97064	92.016	-6.38971	-12.5851
9.24	0.956198	0.975363	92.1158	12.2365	-22.4953
9.25	1.00131	0.976492	92.2156	-17.814	19.4173
9.26	0.997664	0.975576	92.3154	-20.7071	-5.0901
9.27	0.950197	0.975219	92.4152	37.1322	7.47678
9.28	1.02432	0.976559	92.515	-10.0949	12.5323
9.29	0.881128	0.97787	92.6148	-6.68825	-46.1766
9.3	1.03963	0.975656	92.7146	19.3373	26.1396
9.31	0.942319	0.967647	92.8144	-48.7888	10.0632
9.32	0.969035	0.955474	92.9142	41.9849	-30.2428
9.33	0.982472	0.944867	93.014	7.58839	39.2123
9.34	0.908236	0.942968	93.1138	-36.7586	-46.6406
9.35	0.954833	0.95443	93.2136	46.8862	7.40492
9.36	0.899182	0.978783	93.3134	-55.1218	46.4687
9.37	1.149	1.01051	93.4132	20.5929	-51.1718
9.38	1.02542	1.04137	93.513	44.1869	49.9519
9.39	0.941526	1.06331	93.6128	-57.5874	-39.3768
9.4	1.13449	1.07057	93.7126	46.8142	-33.792
9.41	1.14334	1.06087	93.8124	-35.8749	76.8671
9.42	0.943262	1.03614	93.9122	-10.4013	-48.918
9.43	1.07748	1.00314	94.012	71.917	24.4318
9.44	0.805696	0.972788	94.1118	-69.0384	-3.64712
9.45	1.09994	0.957182	94.2116	24.7967	-46.8829
9.46	0.985874	0.96421	94.3114	0.133323	72.9749
9.47	0.946729	0.992362	94.4112	-25.3916	-40.1
9.48	1.00765	1.02936	94.511	65.3566	-4.75864
9.49	1.12748	1.05686	94.6108	-52.6938	17.9477
9.5	0.92339	1.05983	94.7106	4.40159	-48.1221
9.51	1.0987	1.03521	94.8104	9.15197	48.3337
9.52	1.06441	0.994543	94.9102	-28.3427	-10.5194
9.53	0.970123	0.957957	95.01	48.6157	0.828472
9.54	0.852709	0.943004	95.1098	-21.9755	-5.88401
9.55	0.936664	0.955095	95.2096	-2.4609	-31.5275
9.56	1.06936	0.985593	95.3094	-14.7429	39.4365
9.57	0.906471	1.01846	95.4092	5.10515	-2.06835
9.58	1.21146	1.04064	95.509	37.674	6.00757
9.59	0.936717	1.04916	95.6088	-33.3199	-28.1238
9.6	1.04924	1.05032	95.7086	1.93418	-9.95728
9.61	1.1076	1.05266	95.8084	-19.004	48.6314
9.62	1.00514	1.05926	95.9082	20.6224	-34.8934
9.63	1.00298	1.06532	96.008	29.0778	21.1149
9.64	1.21562	1.06245	96.1078	-53.6322	-16.8465
9.65	1.00138	1.04607	96.2076	40.9218	-26.0255
9.66	0.963411	1.02002	96.3074	-35.2344	53.0118
9.67	1.03688	0.994942	96.4072	-8.06925	-48.2143
9.68	0.937795	0.98182	96.507	59.3871	45.7903
9.69	1.03135	0.985572	96.6068	-51.6095	-20.8983
9.7	0.943659	1.0031	96.7066	34.1411	-57.8902
9.71	1.11992	1.02644	96.8064	-40.4321	83.2812
9.72	1.05597	1.04787	96.9062	-8.00448	-29.8529
9.73	0.942026	1.06269	97.006	91.8734	12.0874
9.74	1.09911	1.06847	97.1058	-72.4333	-14.1271
9.75	1.09455	1.06254	97.2056	19.82	-51.1474
9.76	1.10009	1.04154	97.3054	-9.89635	88.9865
9.77	0.954254	1.00447	97.4052	-11.2961	-39.7876
9.78	0.916163	0.957098	97.505	62.0733	-5.66222
9.79	0.938337	0.913268	97.6048	-64.1142	17.9369
9.8	0.858412	0.89035	97.7046	38.1118	-41.8628
9.81	1.06645	0.900359	97.8044	-17.7229	41.4105
9.82	0.706208	0.942157	97.9042	-22.8338	-23.4451
9.83	1.16127	1.00027	98.004	65.5327	31.6662
9.84	0.977418	1.05184	98.1038	-37.6975	-14.237
9.85	1.07794	1.0779	98.2036	41.7386	-51.3641
9.86	1.16449	1.07227	98.3034	-67.5708	59.2862
9.87	0.95355	1.04316	98.4032	5.6386	-15.2238
9.88	0.984875	1.00727	98.503	95.779	34.0239
9.89	1.03195	0.980758	98.6028	-92.6478	-54.1
9.9	1.01632	0.972588	98.7026	55.8444	-32.0216
9.91	0.887393	0.983079	98.8024	-54.2328	97.6477
9.92	1.05029	1.0067	98.9022	1.08415	-72.2154
9.93	1.08079	1.03598	99.002	104.144	42.6984
9.94	0.974365	1.0641	99.1018	-140.97	-11.8276
9.95	1.11863	1.08594	99.2016	104.626	-68.1922
9.96	1.14399	1.09883	99.3014	-29.659	104.908
9.97	1.09505	1.10348	99.4012	-81.3752	-92.8569
9.98	1.03182	1.1043	99.501	159.893	59.5142
9.99	1.16643	1.10716	99.6008	-125.387	28.4718
10	1.11529	1.11502	99.7006	68.849	-137.671
