x	y	y_inv	frequency	y_fft(real)	y_fft(imaginary)
0.01	1.06552	1.09895	0	1209.77	0
0.02	1.14415	1.05181	0.1	-122.029	45.6571
0.03	0.987044	0.992346	0.2	-8.48957	-132.046
0.04	0.821777	0.942182	0.3	71.4735	135.91
0.05	0.928005	0.921902	0.4	-126.788	-24.3732
0.06	1.0383	0.939452	0.5	157.495	-65.0673
0.07	1.07108	0.984835	0.6	-76.6346	96.0171
0.08	0.882377	1.03491	0.7	-35.7841	-103.442
0.09	0.9711	1.06597	0.8	108.542	61.5787
0.1	1.2196	1.06665	0.9	-140.389	20.8492
0.11	1.08685	1.04315	1	99.2857	-49.3849
0.12	0.953181	1.01358	1.1	8.02875	72.7376
0.13	0.940764	0.995345	1.2	-61.8718	-92.9713
0.14	1.0536	0.993914	1.3	58.1697	24.5423
0.15	1.01471	1.00057	1.4	-88.9625	63.0594
0.16	0.883738	1.00026	1.5	90.2306	-41.274
0.17	1.08455	0.9839	1.6	10.4531	15.024
0.18	1.02097	0.956154	1.7	-74.0289	-52.9801
0.19	0.867197	0.933107	1.8	45.5778	44.4482
0.2	0.869657	0.931116	1.9	-36.9458	20.6698
0.21	0.992571	0.954539	2	60.6593	-39.2068
0.22	0.962967	0.990966	2.1	-17.2551	26.1353
0.23	1.0871	1.01758	2.2	-24.5021	-39.3253
0.24	1.06197	1.0149	2.3	44.5297	34.7584
0.25	0.864582	0.979128	2.4	-67.1543	-7.23955
0.26	0.956025	0.925377	2.5	60.1043	-4.96883
0.27	0.817122	0.87978	2.6	-1.9073	43.9845
0.28	0.974992	0.865408	2.7	-25.0571	-86.6453
0.29	0.918666	0.890373	2.8	29.3511	42.2218
0.3	0.826065	0.944592	2.9	-71.8951	29.1902
0.31	0.995213	1.00618	3	85.3401	-27.9612
0.32	1.20508	1.05298	3.1	3.97236	32.9216
0.33	0.99768	1.07254	3.2	-56.7948	-75.2158
0.34	0.96066	1.0656	3.3	44.3619	44.5625
0.35	1.16376	1.0426	3.4	-46.9777	35.3682
0.36	0.987559	1.01617	3.5	46.166	-57.4428
0.37	0.968674	0.994454	3.6	7.49964	48.187
0.38	1.06956	0.978719	3.7	-47.4571	-42.8511
0.39	0.862067	0.965782	3.8	45.6996	11.7993
0.4	0.972853	0.953192	3.9	-47.7686	30.9557
0.41	0.955291	0.943405	4	18.8064	-26.6861
0.42	0.941224	0.943863	4.1	31.5663	29.8797
0.43	0.993009	0.962292	4.2	-28.5781	-41.5961
0.44	0.946013	0.999747	4.3	4.11522	4.08244
0.45	1.0804	1.04606	4.4	-27.2733	37.0395
0.46	1.17241	1.0819	4.5	32.2826	-12.9901
0.47	0.913603	1.0879	4.6	9.25105	2.1802
0.48	1.0661	1.0566	4.7	-24.7553	-36.2195
0.49	1.11003	0.999689	4.8	5.79909	26.9099
0.5	0.918228	0.944498	4.9	-22.7108	14.6828
0.51	0.943062	0.920017	5	46.0038	-14.8998
0.52	0.94165	0.939761	5.1	-19.7491	21.203
0.53	0.864585	0.992345	5.2	-8.49029	-51.1772
0.54	1.11642	1.0469	5.3	22.2055	39.7433
0.55	1.07604	1.07126	5.4	-59.7709	3.85863
0.56	1.1112	1.05191	5.5	59	-19.374
0.57	1.00362	1.00257	5.6	-4.22794	50.519
0.58	0.869304	0.955101	5.7	-27.4133	-67.6868
0.59	1.01525	0.93843	5.8	41.9219	27.7733
0.6	0.877872	0.959525	5.9	-65.4631	33.8556
0.61	0.95941	0.999751	6	52.3997	-48.7793
0.62	1.15372	1.02915	6.1	17.6176	50.5911
0.63	1.0576	1.02851	6.2	-64.7101	-56.0368
0.64	1.00447	1.00315	6.3	52.9791	3.24587
0.65	0.837969	0.978449	6.4	-36.7445	63.7899
0.66	0.948124	0.980075	6.5	15.0155	-59.957
0.67	1.1186	1.01382	6.6	47.2573	36.3913
0.68	1.15264	1.06013	6.7	-67.6429	-15.6123
0.69	0.996277	1.08778	6.8	34.7188	-33.1743
0.7	1.0865	1.07677	6.9	-11.6598	57.4616
0.71	0.920901	1.03325	7	-15.4274	-34.5043
0.72	1.13916	0.985131	7.1	54.455	5.42146
0.73	0.908126	0.961497	7.2	-43.1664	14.5256
0.74	0.992504	0.971291	7.3	0.344466	-35.6547
0.75	0.913938	0.9975	7.4	14.6975	41.5864
0.76	1.03814	1.01128	7.5	-16.1586	0.316069
0.77	1.12634	0.995149	7.6	30.7722	-24.3469
0.78	0.907695	0.957289	7.7	-9.65536	11.4537
0.79	0.785919	0.925581	7.8	-28.2661	-10.6602
0.8	0.970205	0.925774	7.9	17.0059	11.0582
0.81	1.04843	0.960589	8	0.921826	17.6407
0.82	0.976545	1.00623	8.1	4.55634	-19.6782
0.83	0.989274	1.02957	8.2	9.61736	1.61188
0.84	1.12435	1.0131	8.3	-19.4463	15.3363
0.85	0.925094	0.96868	8.4	-3.4038	1.35216
0.86	0.742404	0.929053	8.5	20.9281	16.2449
0.87	1.04809	0.923519	8.6	-12.0847	-3.19244
0.88	1.06878	0.956155	8.7	8.93932	-23.8844
0.89	0.895847	1.00334	8.8	-7.50131	21.7321
0.9	1.12165	1.03243	8.9	-19.4102	-1.13376
0.91	0.914741	1.02706	9	31.656	7.65908
0.92	1.02058	0.99935	9.1	-7.35857	8.36828
0.93	0.965223	0.979476	9.2	-3.87717	-30.6846
0.94	1.00727	0.990822	9.3	2.78896	10.8389
0.95	1.09666	1.03028	9.4	-22.0416	7.54031
0.96	1.06601	1.06958	9.5	27.1401	-3.14394
0.97	0.998836	1.0769	9.6	3.90281	9.48953
0.98	1.09421	1.04228	9.7	-10.9786	-24.2249
0.99	0.949176	0.98673	9.8	2.52169	3.8149
1	0.90234	0.947609	9.9	-15.0122	9.1524
1.01	1.01372	0.951302	10	14.9042	-2.60957
1.02	1.04842	0.994119	10.1	2.26729	7.59319
1.03	1.09027	1.04618	10.2	-6.43336	-17.4459
1.04	0.891446	1.07504	10.3	0.689745	4.69701
1.05	1.14785	1.07034	10.4	-13.3358	3.62026
1.06	1.02997	1.04995	10.5	18.4995	4.73736
1.07	1.07138	1.04275	10.6	-6.10795	4.05267
1.08	1.03777	1.06194	10.7	-1.24675	-24.6237
1.09	1.23007	1.09092	10.8	0.884545	15.4294
1.1	0.97864	1.09412	10.9	-18.9657	4.21951
1.11	1.00323	1.04556	11	21.8605	-4.15924
1.12	0.955738	0.95314	11.1	-0.691747	12.2956
1.13	0.882088	0.8588	11.2	-5.88859	-28.7797
1.14	0.823165	0.812518	11.3	12.9803	13.74
1.15	0.912496	0.83839	11.4	-25.7774	2.35165
1.16	0.895222	0.917679	11.5	19.0923	-10.8713
1.17	0.947262	1.00176	11.6	7.91299	25.9641
1.18	0.999463	1.04583	11.7	-11.607	-30.9454
1.19	1.00317	1.03875	11.8	18.1567	3.86116
1.2	1.16939	1.00759	11.9	-27.0796	22.6756
1.21	0.964211	0.99414	12	11.8645	-18.4535
1.22	1.03484	1.02178	12.1	15.4351	22.1503
1.23	0.972016	1.0776	12.2	-22.0991	-16.5558
1.24	1.13532	1.12262	12.3	15.7603	-11.1191
1.25	1.15894	1.12147	12.4	-13.687	23.7971
1.26	1.10542	1.06881	12.5	1.30225	-13.192
1.27	0.921811	0.992667	12.6	21.2286	9.48879
1.28	0.986304	0.933495	12.7	-18.2825	0.352348
1.29	0.955435	0.915672	12.8	9.44618	-10.2682
1.3	0.853509	0.933256	12.9	-2.00894	16.2052
1.31	0.977116	0.959577	13	-6.2856	-6.15995
1.32	0.891894	0.971422	13.1	13.064	-1.09297
1.33	1.11365	0.967657	13.2	-0.0171509	1.27593
1.34	0.931822	0.967655	13.3	-0.608908	-11.8569
1.35	0.971089	0.991757	13.4	-1.86324	8.52345
1.36	1.03689	1.04059	13.5	0.967352	5.72262
1.37	1.04231	1.09083	13.6	7.24937	-6.40029
1.38	1.19668	1.11139	13.7	4.63611	-4.59123
1.39	1.06095	1.08747	13.8	-4.78802	-0.615725
1.4	0.967029	1.03311	13.9	-6.55514	2.46553
1.41	1.05934	0.982074	14	4.2451	0.427266
1.42	0.978844	0.963726	14.1	0.169639	-0.485647
1.43	0.911257	0.982347	14.2	-2.55401	-5.16127
1.44	1.11844	1.01549	14.3	0.948578	0.332888
1.45	0.910899	1.03199	14.4	-6.36182	7.0625
1.46	0.981675	1.01517	14.5	7.29594	5.24113
1.47	1.15803	0.973484	14.6	1.52804	3.42692
1.48	0.827104	0.931642	14.7	-1.82475	-12.1389
1.49	0.910229	0.910605	14.8	8.5865	-1.85341
1.5	0.906045	0.913348	14.9	-8.48842	6.69237
1.51	0.995753	0.927091	15	-0.287639	-4.05245
1.52	0.841723	0.938389	15.1	8.33863	4.69896
1.53	0.919462	0.946634	15.2	-8.48669	-7.47371
1.54	1.08405	0.963379	15.3	3.79119	-4.91182
1.55	0.966624	0.997867	15.4	-9.57408	6.57229
1.56	1.02466	1.04212	15.5	-3.98273	-7.61313
1.57	1.1244	1.07052	15.6	11.3269	5.81475
1.58	0.897939	1.05724	15.7	-7.60171	-1.66868
1.59	1.11251	0.998919	15.8	2.63139	-7.77417
1.6	0.890312	0.923655	15.9	-0.464071	12.7092
1.61	0.957886	0.876382	16	-2.29449	-1.59013
1.62	0.830397	0.888928	16.1	9.1974	1.06291
1.63	0.974346	0.956354	16.2	-3.48994	-2.13079
1.64	0.96488	1.03811	16.3	0.53708	-4.21448
1.65	1.13321	1.08472	16.4	-1.99549	6.24233
1.66	1.11869	1.07127	16.5	-4.8656	0.305734
1.67	0.966205	1.01342	16.6	8.70138	-1.00038
1.68	0.919612	0.954258	16.7	0.070621	0.103059
1.69	0.931844	0.93221	16.8	-1.09748	-1.87865
1.7	1.12021	0.954328	16.9	1.09277	4.25105
1.71	0.886467	0.994564	17	-2.61905	-0.0308013
1.72	0.93921	1.01705	17.1	4.24579	2.94794
1.73	0.995502	1.00504	17.2	-5.1789	-1.57303
1.74	1.01347	0.972468	17.3	1.38911	-5.23213
1.75	1.06007	0.949736	17.4	-2.62075	4.73876
1.76	0.928729	0.956506	17.5	-2.90818	-1.94279
1.77	0.94424	0.984601	17.6	4.3155	5.50601
1.78	0.980534	1.00544	17.7	-3.4726	0.699596
1.79	0.933603	0.995503	17.8	4.1593	-6.50119
1.8	0.931845	0.957754	17.9	-1.19207	2.62487
1.81	1.0869	0.920023	18	-4.30107	1.95075
1.82	0.929249	0.910896	18.1	8.48978	-0.152081
1.83	0.928941	0.933903	18.2	-1.33675	5.59276
1.84	0.86083	0.963804	18.3	0.468191	-6.03754
1.85	0.91047	0.970748	18.4	4.14786	1.05181
1.86	0.855713	0.952803	18.5	-5.45289	0.243984
1.87	1.20285	0.946492	18.6	7.82455	-3.44549
1.88	1.06491	1.00001	18.7	2.99048	1.8485
1.89	1.04608	1.12547	18.8	-3.93661	-2.3601
1.9	1.1906	1.26984	18.9	5.58598	-0.638632
1.91	1.33169	1.33783	19	-5.72694	7.97753
1.92	1.11448	1.26325	19.1	1.05477	-6.34015
1.93	1.15376	1.08392	19.2	2.92381	1.91448
1.94	1.18342	0.960427	19.3	-4.2653	-0.64351
1.95	1.27569	1.10793	19.4	4.47947	-0.0933234
1.96	1.42228	1.66812	19.5	1.40276	5.68342
1.97	2.32414	2.59606	19.6	1.18967	-5.86038
1.98	3.597	3.63924	19.7	3.23599	1.54145
1.99	4.79258	4.43587	19.8	-0.552717	0.574383
2	4.85382	4.68622	19.9	-0.391551	-1.89215
2.01	4.06378	4.30203	20	0.916352	-0.333587
2.02	3.47502	3.44775	20.1	-0.343269	0.619867
2.03	2.31484	2.45074	20.2	2.83308	-4.91966
2.04	1.56326	1.63468	20.3	0.936475	2.21639
2.05	1.31945	1.17313	20.4	-0.614912	-0.819862
2.06	1.1349	1.04155	20.5	0.395945	2.79945
2.07	1.17999	1.08148	20.6	1.09878	1.40653
2.08	0.995468	1.12278	20.7	-1.11209	4.35284
2.09	0.922415	1.08262	20.8	-1.83825	0.216976
2.1	0.980262	0.986401	20.9	-2.03601	-0.718182
2.11	1.00803	0.913884	21	0.627348	-2.72882
2.12	0.992047	0.921275	21.1	-1.92604	-0.792977
2.13	1.08616	0.997554	21.2	6.52881	1.19341
2.14	0.986944	1.08	21.3	-1.11743	0.758923
2.15	0.974171	1.10805	21.4	-1.53412	-2.38108
2.16	1.11907	1.06975	21.5	-1.25493	-0.722166
2.17	1.06607	1.00614	21.6	-3.13053	0.421718
2.18	0.949801	0.974465	21.7	1.88091	-0.774553
2.19	0.965768	1.0017	21.8	0.0904362	3.00071
2.2	1.20945	1.06487	21.9	1.02928	0.044667
2.21	1.06531	1.11105	22	-1.01777	0.227008
2.22	1.00768	1.09916	22.1	-2.5818	0.665323
2.23	1.06334	1.03057	22.2	4.87145	-2.35185
2.24	0.801837	0.946248	22.3	-1.98951	2.32725
2.25	1.09246	0.894937	22.4	0.998303	-2.46267
2.26	0.891674	0.89831	22.5	5.60637	3.00466
2.27	1.03135	0.939107	22.6	-0.269316	3.11514
2.28	0.815058	0.979034	22.7	2.07844	-1.52895
2.29	0.95462	0.990089	22.8	3.71501	-2.84519
2.3	0.973027	0.974182	22.9	-4.4148	-4.51689
2.31	0.963363	0.956919	23	3.26014	-4.89186
2.32	1.1131	0.962665	23.1	-0.385819	-0.87792
2.33	1.02147	0.992293	23.2	3.66445	0.733414
2.34	0.910956	1.02178	23.3	-0.778776	-0.33088
2.35	0.933717	1.02238	23.4	-0.645224	-2.05555
2.36	0.952165	0.985703	23.5	-1.51624	-3.60805
2.37	1.09462	0.933098	23.6	-0.949161	3.54512
2.38	0.881027	0.901388	23.7	4.35865	-1.9713
2.39	0.973447	0.915287	23.8	1.66264	-0.0127252
2.4	0.860429	0.967545	23.9	-0.713736	-0.186715
2.41	1.00267	1.02215	24	-1.20155	1.20479
2.42	1.08951	1.03885	24.1	-3.51238	0.934914
2.43	0.947254	1.00171	24.2	4.07253	-3.17102
2.44	0.958202	0.931295	24.3	3.75811	-3.32142
2.45	0.976902	0.872119	24.4	-1.86737	-1.89927
2.46	0.774499	0.864035	24.5	-1.26235	-1.73489
2.47	0.930456	0.91693	24.6	0.117342	2.33597
2.48	0.924868	1.00507	24.7	-1.95083	-1.68459
2.49	1.19176	1.08372	24.8	1.85121	1.04445
2.5	1.04592	1.11638	24.9	1.20846	1.16717
2.51	1.17449	1.09534	25	-0.353525	-2.37505
2.52	0.956795	1.0443	25.1	-1.62702	3.07734
2.53	1.06013	1.00341	25.2	-2.30683	-0.610948
2.54	1.01689	1.00758	25.3	4.39274	-0.0549615
2.55	1.07748	1.07059	25.4	-2.49882	-0.807095
2.56	1.06358	1.18279	25.5	1.51627	-0.260215
2.57	1.41138	1.32112	25.6	-1.66022	-0.498203
2.58	1.4639	1.46451	25.7	-3.13524	0.762748
2.59	1.68694	1.60586	25.8	1.96194	1.4276
2.6	1.57912	1.75448	25.9	-3.37046	-2.51803
2.61	2.12033	1.9281	26	1.43872	-2.00372
2.62	1.94456	2.138	26.1	-6.4471	1.21428
2.63	2.50091	2.37497	26.2	1.0487	-3.99535
2.64	2.52458	2.60392	26.3	1.10648	-0.189155
2.65	2.86634	2.77241	26.4	-2.99106	-3.10716
2.66	2.80401	2.83127	26.5	2.63875	-1.35035
2.67	2.69657	2.75828	26.6	1.80525	2.0029
2.68	2.66611	2.57195	26.7	-1.27398	-1.00036
2.69	2.21156	2.3259	26.8	3.4543	1.07441
2.7	2.17512	2.08463	26.9	-2.78061	-2.02654
2.71	1.84375	1.89292	27	0.87763	-5.21826
2.72	1.76528	1.75628	27.1	-2.95951	3.58737
2.73	1.69454	1.64462	27.2	-2.11747	2.81108
2.74	1.50413	1.51687	27.3	0.300699	1.63775
2.75	1.28578	1.35142	27.4	-3.08299	1.81356
2.76	1.20618	1.1626	27.5	-1.11709	-4.0683
2.77	0.967535	0.992795	27.6	-0.871235	3.41911
2.78	0.867837	0.885518	27.7	-2.33036	-0.622674
2.79	0.968169	0.857736	27.8	3.38706	-1.14016
2.8	0.88875	0.889746	27.9	-0.432332	2.21448
2.81	0.771247	0.938751	28	-2.61039	-3.43637
2.82	1.03678	0.966054	28.1	-0.618534	-0.790976
2.83	1.00693	0.958972	28.2	-6.26151	3.17887
2.84	0.926808	0.933275	28.3	-0.464982	0.177033
2.85	0.927053	0.916326	28.4	-5.0474	3.38647
2.86	0.89752	0.924641	28.5	1.32125	-0.581698
2.87	0.905332	0.952541	28.6	-6.72011	4.82539
2.88	1.05242	0.979266	28.7	1.76918	0.923728
2.89	0.948811	0.987588	28.8	4.78275	2.27367
2.9	1.01858	0.978575	28.9	1.01307	4.8605
2.91	0.960205	0.970652	29	-1.83473	-1.40714
2.92	0.939562	0.983745	29.1	-1.25796	0.749968
2.93	1.00393	1.0211	29.2	-2.70054	-0.656685
2.94	1.15734	1.06351	29.3	1.92415	-1.39722
2.95	1.07224	1.08145	29.4	-0.86777	1.75696
2.96	1.00134	1.0568	29.5	0.868339	0.250198
2.97	0.964278	0.99835	29.6	-2.79711	0.319737
2.98	0.996032	0.938794	29.7	0.25021	-2.34315
2.99	0.934483	0.914503	29.8	1.71816	-2.03488
3	0.935962	0.941343	29.9	0.828868	3.26047
3.01	0.925965	1.00329	30	-0.686362	-1.9769
3.02	1.17258	1.06191	30.1	1.71359	0.361828
3.03	1.00279	1.08053	30.2	-0.412966	0.326269
3.04	1.09615	1.0474	30.3	0.0778059	-3.40689
3.05	0.886214	0.98259	30.4	-2.54534	1.10096
3.06	1.02947	0.925021	30.5	-0.119376	-0.561006
3.07	0.908041	0.908277	30.6	-1.0018	2.247
3.08	0.884267	0.940988	30.7	-1.02355	0.0245931
3.09	1.04402	1.00343	30.8	0.767718	-0.794555
3.1	1.03781	1.06121	30.9	-4.08939	0.913299
3.11	1.08544	1.08641	31	-0.208333	-2.20904
3.12	1.0428	1.07288	31.1	0.689828	2.55956
3.13	1.08223	1.03732	31.2	-0.87879	3.35072
3.14	1.05585	1.00704	31.3	-0.0117869	0.0601812
3.15	0.957311	1.00282	31.4	-3.21296	3.84172
3.16	0.986276	1.02731	31.5	0.000962706	-2.69031
3.17	1.04234	1.06486	31.6	4.64057	-1.8478
3.18	1.17783	1.09161	31.7	-4.25437	-2.27788
3.19	1.09856	1.0895	31.8	0.593187	-2.89086
3.2	0.941947	1.05617	31.9	-3.84013	2.30571
3.21	1.1081	1.00615	32	-1.83111	-3.00841
3.22	0.98405	0.962953	32.1	2.74122	-2.42269
3.23	0.875393	0.946882	32.2	-0.316919	-1.4342
3.24	0.97388	0.964495	32.3	2.29335	1.3776
3.25	0.913879	1.0052	32.4	0.450523	-1.7271
3.26	1.24193	1.04655	32.5	-2.73089	-1.88503
3.27	0.983219	1.0657	32.6	1.21514	-1.03519
3.28	1.06245	1.05123	32.7	1.51303	0.683764
3.29	0.957346	1.00922	32.8	5.7239	-5.06859
3.3	0.993384	0.960138	32.9	0.709185	1.35316
3.31	0.882254	0.928097	33	-0.470515	-4.49138
3.32	0.987667	0.928018	33.1	0.0347049	2.78427
3.33	0.921204	0.957721	33.2	-3.04988	-0.0382623
3.34	1.02786	0.999381	33.3	2.31211	1.03471
3.35	1.16197	1.02958	33.4	-0.153673	3.28131
3.36	0.803461	1.03244	33.5	-2.93667	-2.53543
3.37	1.01797	1.00851	33.6	1.11012	-2.59168
3.38	1.02632	0.9745	33.7	-4.12123	3.14947
3.39	0.980183	0.954054	33.8	2.05579	-4.6476
3.4	1.13593	0.964653	33.9	-1.27793	-3.2457
3.41	0.811973	1.00773	34	-1.69487	-0.753497
3.42	1.0226	1.06724	34.1	2.5501	-3.19949
3.43	1.1372	1.11728	34.2	-1.00829	4.44319
3.44	1.15042	1.13486	34.3	0.683769	-1.25088
3.45	1.22729	1.1111	34.4	-1.86333	-0.813367
3.46	0.997133	1.05544	34.5	0.998105	-1.8401
3.47	0.989885	0.990784	34.6	1.14355	0.787759
3.48	0.871188	0.942327	34.7	-1.86314	2.99876
3.49	0.953932	0.925679	34.8	3.37229	5.31211
3.5	0.922896	0.940399	34.9	0.694744	-2.86169
3.51	1.05951	0.971954	35	1.80937	2.58839
3.52	0.963939	1.00071	35.1	-1.02406	2.34017
3.53	0.996631	1.01283	35.2	0.746329	1.11724
3.54	1.01925	1.00694	35.3	-0.645672	2.65278
3.55	0.959299	0.993208	35.4	2.4536	-0.240932
3.56	0.981723	0.985806	35.5	-2.35039	0.0249944
3.57	1.08381	0.993749	35.6	4.0037	1.85674
3.58	0.887454	1.01571	35.7	1.22314	3.34758
3.59	1.14811	1.04165	35.8	-3.46625	-2.46199
3.6	1.01954	1.05953	35.9	3.81546	2.80679
3.61	1.05157	1.06242	36	0.0308444	-2.05105
3.62	1.08618	1.05159	36.1	-0.577774	-1.03038
3.63	1.02645	1.03437	36.2	3.88859	1.40338
3.64	0.942503	1.01919	36.3	-1.14162	-3.36478
3.65	1.02511	1.01158	36.4	1.46968	-2.14217
3.66	1.17107	1.01321	36.5	-3.0609	-0.720856
3.67	0.876674	1.02303	36.6	-2.40056	0.523834
3.68	1.08864	1.03812	36.7	-3.67415	-4.49175
3.69	1.07146	1.05318	36.8	-1.66413	-0.664963
3.7	0.942592	1.06022	36.9	2.21698	1.52962
3.71	1.13108	1.05098	37	-3.78497	-0.855572
3.72	1.0386	1.02304	37.1	1.05141	1.57798
3.73	1.00368	0.986063	37.2	-0.720198	-0.376214
3.74	0.975597	0.962301	37.3	-2.71409	-1.0627
3.75	0.955306	0.977968	37.4	-0.798357	-3.31984
3.76	0.924463	1.04818	37.5	-1.41879	-2.38492
3.77	1.27256	1.16462	37.6	1.71285	0.995953
3.78	1.30692	1.29559	37.7	-1.86365	5.59621
3.79	1.38329	1.40119	37.8	4.86586	-2.33619
3.8	1.53491	1.45601	37.9	1.89375	1.0295
3.81	1.38604	1.46485	38	-1.066	-1.82682
3.82	1.4084	1.46028	38.1	5.63	-1.91756
3.83	1.51408	1.48187	38.2	-3.64468	4.1477
3.84	1.54513	1.55032	38.3	1.36154	-3.10325
3.85	1.74826	1.65354	38.4	1.54935	3.17054
3.86	1.72906	1.75463	38.5	-4.41903	-3.01255
3.87	1.68524	1.81656	38.6	2.2295	0.256282
3.88	1.97233	1.82644	38.7	-7.11308	-2.06473
3.89	1.76518	1.80251	38.8	-0.804699	-4.81729
3.9	1.70283	1.77923	38.9	-1.92056	2.45262
3.91	1.83724	1.78162	39	-4.51654	-0.0267631
3.92	1.78047	1.80778	39.1	1.26616	-1.8947
3.93	1.90962	1.83231	39.2	0.774805	3.74824
3.94	1.82496	1.82756	39.3	3.3331	-0.19401
3.95	1.82599	1.78618	39.4	0.0123958	-2.95305
3.96	1.4429	1.72749	39.5	-0.21858	-0.517442
3.97	1.86108	1.68259	39.6	1.10927	-1.77978
3.98	1.77005	1.66945	39.7	1.8215	1.71489
3.99	1.63728	1.67737	39.8	1.36803	-3.1474
4	1.65059	1.67325	39.9	4.22798	0.311361
4.01	1.59689	1.62572	40	-1.7431	3.70549
4.02	1.53886	1.52932	40.1	-2.68107	0.859746
4.03	1.31996	1.41044	40.2	0.672291	1.89744
4.04	1.39281	1.31008	40.3	-1.38973	-1.33547
4.05	1.3368	1.25602	40.4	2.37181	0.817819
4.06	1.24489	1.24471	40.5	-2.38433	2.1176
4.07	1.1624	1.24629	40.6	-0.565935	-0.363286
4.08	1.19842	1.22829	40.7	5.46	-0.653214
4.09	1.16018	1.18021	40.8	-3.43267	2.66222
4.1	1.14898	1.12027	40.9	2.0432	-6.28772
4.11	1.20959	1.07962	41	-0.488392	7.04784
4.12	1.02519	1.07644	41.1	-1.40205	1.3248
4.13	1.08624	1.10002	41.2	0.516839	0.318432
4.14	0.92976	1.11727	41.3	-0.0776978	0.576757
4.15	1.27847	1.09704	41.4	-2.82011	-1.48715
4.16	1.08288	1.03418	41.5	-1.24376	1.15697
4.17	0.870712	0.955378	41.6	2.37113	0.196739
4.18	0.874933	0.902002	41.7	-1.87147	-3.83661
4.19	0.976196	0.902312	41.8	-2.38427	8.15003
4.2	0.893033	0.952575	41.9	0.135069	-0.914683
4.21	1.07365	1.01997	42	-1.43531	-0.783447
4.22	1.04138	1.06435	42.1	-7.85481	-2.85146
4.23	0.987144	1.06319	42.2	2.01247	-0.581352
4.24	1.14424	1.02299	42.3	-0.245995	2.96347
4.25	0.904243	0.97104	42.4	-1.45261	0.0218787
4.26	0.92603	0.935643	42.5	2.37291	-0.472549
4.27	1.05234	0.929188	42.6	-6.7195	-1.77506
4.28	0.772028	0.944702	42.7	2.83144	0.665
4.29	1.05968	0.965377	42.8	-0.816531	2.75898
4.3	0.90572	0.977861	42.9	-4.17919	-1.23958
4.31	1.0277	0.979438	43	-1.67769	1.74198
4.32	1.06772	0.975883	43.1	-1.81103	0.304008
4.33	0.860357	0.974354	43.2	2.65693	-3.16589
4.34	0.978246	0.978289	43.3	-0.684729	-1.10182
4.35	0.993282	0.987598	43.4	-0.118943	-1.82944
4.36	1.08193	1.00179	43.5	0.942226	-3.6375
4.37	0.93495	1.02137	43.6	-0.260505	3.91632
4.38	1.02086	1.04546	43.7	0.591033	-1.42804
4.39	1.12778	1.06843	43.8	2.41965	-0.957667
4.4	1.13464	1.0803	43.9	5.60606	-2.36004
4.41	1.05638	1.07228	44	-3.01418	-0.269756
4.42	0.920126	1.04413	44.1	-1.64853	-1.62215
4.43	1.02374	1.0066	44.2	3.42071	0.298598
4.44	1.10147	0.975946	44.3	-0.0438902	-1.2104
4.45	0.86802	0.96348	44.4	1.04771	-1.31344
4.46	1.06879	0.968018	44.5	0.578515	-0.417884
4.47	0.853867	0.977462	44.6	4.9595	3.43352
4.48	1.07672	0.978734	44.7	2.04783	-1.03631
4.49	0.892107	0.968469	44.8	-3.60673	2.17805
4.5	0.959665	0.955833	44.9	1.84916	-1.68861
4.51	0.976881	0.954914	45	3.87715	1.04175
4.52	0.974441	0.972556	45.1	-3.26498	1.93842
4.53	1.0461	1.00153	45.2	4.95943	-1.4628
4.54	1.07675	1.0249	45.3	-2.54101	1.49806
4.55	0.843928	1.02862	45.4	0.0440489	-0.397077
4.56	1.0316	1.01243	45.5	-0.598391	-2.64079
4.57	1.07943	0.990265	45.6	-0.980079	-1.43517
4.58	0.98394	0.979591	45.7	-0.140961	-2.79638
4.59	1.06274	0.987917	45.8	-0.7468	1.34606
4.6	0.889441	1.00735	45.9	-2.90177	-1.06202
4.61	0.96166	1.02169	46	2.44785	4.66466
4.62	1.11394	1.02049	46.1	-1.7437	4.92223
4.63	1.01548	1.00881	46.2	2.21041	-3.77756
4.64	1.00767	1.00426	46.3	1.36222	-1.79071
4.65	0.981548	1.02326	46.4	0.327643	-1.00007
4.66	1.05739	1.06673	46.5	2.85599	-2.11628
4.67	1.18334	1.11671	46.6	-0.0380924	1.26867
4.68	1.1763	1.14706	46.7	-3.9837	1.92069
4.69	1.0519	1.14075	46.8	3.55364	0.764663
4.7	0.986213	1.10126	46.9	1.26116	2.74592
4.71	1.21502	1.04987	47	-1.66931	-2.06347
4.72	1.08693	1.01128	47.1	-0.679224	6.01626
4.73	0.889518	0.997964	47.2	-2.93433	0.732223
4.74	0.997704	1.00429	47.3	1.71791	-0.273963
4.75	1.05247	1.01341	47.4	-1.30527	1.31945
4.76	0.908905	1.01065	47.5	-3.26635	-2.57297
4.77	1.00112	0.993282	47.6	-3.70706	2.53537
4.78	1.08112	0.970478	47.7	-2.09496	-2.16823
4.79	1.05263	0.955223	47.8	-0.498845	-2.31495
4.8	0.810999	0.955507	47.9	2.56873	0.2379
4.81	0.872852	0.971087	48	1.96085	1.87352
4.82	1.01898	0.996433	48.1	1.38452	-1.34351
4.83	1.1889	1.0254	48.2	-3.60917	-3.0959
4.84	1.00154	1.05291	48.3	4.68385	-1.01843
4.85	1.01115	1.07318	48.4	-0.312233	0.152782
4.86	1.13645	1.07832	48.5	0.226974	-0.764061
4.87	1.01169	1.06115	48.6	-2.02259	-0.818557
4.88	1.02488	1.0216	48.7	-0.160234	2.316
4.89	1.01117	0.971485	48.8	2.79562	1.2861
4.9	0.914175	0.93185	48.9	0.342874	-0.644619
4.91	0.835807	0.922431	49	-2.95247	1.60288
4.92	1.05852	0.949538	49.1	-1.88142	0.132262
4.93	1.09717	1.0011	49.2	3.30735	-1.75578
4.94	0.901269	1.05328	49.3	1.75033	-6.34992
4.95	1.01586	1.08466	49.4	1.53002	3.7102
4.96	1.20188	1.08829	49.5	2.32125	-1.56569
4.97	1.02814	1.07326	49.6	2.69783	-1.70992
4.98	1.16592	1.05555	49.7	-4.43321	-0.912642
4.99	0.962429	1.04563	49.8	-1.66724	-1.48201
5	1.01817	1.04252	49.9	0.533124	3.03881
5.01	1.09087	1.03816	50	2.5236	0
5.02	0.964296	1.02718	50.1	0.533124	-3.03881
5.03	1.06167	1.01323	50.2	-1.66724	1.48201
5.04	0.927117	1.0062	50.3	-4.43321	0.912642
5.05	1.12969	1.0126	50.4	2.69783	1.70992
5.06	1.01923	1.02796	50.5	2.32125	1.56569
5.07	1.04811	1.0382	50.6	1.53002	-3.7102
5.08	0.928082	1.0297	50.7	1.75033	6.34992
5.09	0.929685	1.00018	50.8	3.30735	1.75578
5.1	1.14658	0.961238	50.9	-1.88142	-0.132262
5.11	0.872447	0.930243	51	-2.95247	-1.60288
5.12	0.972439	0.91782	51.1	0.342874	0.644619
5.13	0.871825	0.921044	51.2	2.79562	-1.2861
5.14	0.892467	0.927767	51.3	-0.160234	-2.316
5.15	0.881602	0.928304	51.4	-2.02259	0.818557
5.16	0.940428	0.92453	51.5	0.226974	0.764061
5.17	1.10496	0.928554	51.6	-0.312233	-0.152782
5.18	0.857053	0.951885	51.7	4.68385	1.01843
5.19	0.920344	0.994157	51.8	-3.60917	3.0959
5.2	1.04175	1.04107	51.9	1.38452	1.34351
5.21	1.18088	1.07365	52	1.96085	-1.87352
5.22	0.945987	1.08152	52.1	2.56873	-0.2379
5.23	1.22602	1.06929	52.2	-0.498845	2.31495
5.24	0.942074	1.05116	52.3	-2.09496	2.16823
5.25	1.04286	1.03846	52.4	-3.70706	-2.53537
5.26	0.995214	1.0312	52.5	-3.26635	2.57297
5.27	1.21401	1.02081	52.6	-1.30527	-1.31945
5.28	0.81797	1.00151	52.7	1.71791	0.273963
5.29	1.03359	0.979571	52.8	-2.93433	-0.732223
5.3	0.934255	0.970829	52.9	-0.679224	-6.01626
5.31	0.930851	0.98706	53	-1.66931	2.06347
5.32	1.20149	1.0222	53.1	1.26116	-2.74592
5.33	1.00744	1.05136	53.2	3.55364	-0.764663
5.34	0.982152	1.0462	53.3	-3.9837	-1.92069
5.35	1.0223	0.996538	53.4	-0.0380924	-1.26867
5.36	0.841545	0.921464	53.5	2.85599	2.11628
5.37	0.893456	0.859905	53.6	0.327643	1.00007
5.38	0.894888	0.845877	53.7	1.36222	1.79071
5.39	0.973421	0.886066	53.8	2.21041	3.77756
5.4	0.851523	0.956422	53.9	-1.7437	-4.92223
5.41	0.99818	1.02035	54	2.44785	-4.66466
5.42	1.08507	1.05456	54.1	-2.90177	1.06202
5.43	0.993537	1.06277	54.2	-0.7468	-1.34606
5.44	1.12707	1.06732	54.3	-0.140961	2.79638
5.45	1.10466	1.08629	54.4	-0.980079	1.43517
5.46	1.15059	1.11561	54.5	-0.598391	2.64079
5.47	1.18127	1.13127	54.6	0.0440489	0.397077
5.48	0.947613	1.11024	54.7	-2.54101	-1.49806
5.49	1.03959	1.05269	54.8	4.95943	1.4628
5.5	1.02162	0.986424	54.9	-3.26498	-1.93842
5.51	0.986572	0.94835	55	3.87715	-1.04175
5.52	1.06124	0.95675	55.1	1.84916	1.68861
5.53	0.998548	0.99659	55.2	-3.60673	-2.17805
5.54	0.856942	1.03042	55.3	2.04783	1.03631
5.55	1.0616	1.02731	55.4	4.9595	-3.43352
5.56	0.941418	0.987396	55.5	0.578515	0.417884
5.57	0.978837	0.942377	55.6	1.04771	1.31344
5.58	1.09628	0.931034	55.7	-0.0438902	1.2104
5.59	0.952645	0.968667	55.8	3.42071	-0.298598
5.6	0.914894	1.03457	55.9	-1.64853	1.62215
5.61	1.05298	1.08759	56	-3.01418	0.269756
5.62	1.00382	1.09766	56.1	5.60606	2.36004
5.63	1.29022	1.06847	56.2	2.41965	0.957667
5.64	1.00401	1.03331	56.3	0.591033	1.42804
5.65	0.952322	1.02785	56.4	-0.260505	-3.91632
5.66	1.17101	1.06135	56.5	0.942226	3.6375
5.67	1.02473	1.10941	56.6	-0.118943	1.82944
5.68	1.11941	1.13341	56.7	-0.684729	1.10182
5.69	1.01332	1.11069	56.8	2.65693	3.16589
5.7	1.20186	1.05132	56.9	-1.81103	-0.304008
5.71	0.96285	0.988701	57	-1.67769	-1.74198
5.72	0.966885	0.953109	57.1	-4.17919	1.23958
5.73	1.00055	0.950311	57.2	-0.816531	-2.75898
5.74	0.932929	0.96237	57.3	2.83144	-0.665
5.75	0.851784	0.967955	57.4	-6.7195	1.77506
5.76	0.920732	0.962812	57.5	2.37291	0.472549
5.77	0.975745	0.961567	57.6	-1.45261	-0.0218787
5.78	1.23488	0.979479	57.7	-0.245995	-2.96347
5.79	1.00859	1.01191	57.8	2.01247	0.581352
5.8	0.880228	1.03267	57.9	-7.85481	2.85146
5.81	0.959844	1.01605	58	-1.43531	0.783447
5.82	0.860354	0.964485	58.1	0.135069	0.914683
5.83	0.996274	0.915329	58.2	-2.38427	-8.15003
5.84	1.13061	0.915315	58.3	-1.87147	3.83661
5.85	0.884485	0.979807	58.4	2.37113	-0.196739
5.86	1.15522	1.07127	58.5	-1.24376	-1.15697
5.87	1.05905	1.12059	58.6	-2.82011	1.48715
5.88	0.786256	1.08086	58.7	-0.0776978	-0.576757
5.89	1.12127	0.972372	58.8	0.516839	-0.318432
5.9	0.890037	0.877423	58.9	-1.40205	-1.3248
5.91	1.08706	0.879596	59	-0.488392	-7.04784
5.92	1.07247	0.989696	59.1	2.0432	6.28772
5.93	0.938996	1.12153	59.2	-3.43267	-2.66222
5.94	1.04483	1.15272	59.3	5.46	0.653214
5.95	0.860132	1.04273	59.4	-0.565935	0.363286
5.96	1.03344	0.926594	59.5	-2.38433	-2.1176
5.97	1.33575	1.10191	59.6	2.37181	-0.817819
5.98	2.08534	1.88829	59.7	-1.38973	1.33547
5.99	3.41877	3.42624	59.8	0.672291	-1.89744
6	5.07212	5.53699	59.9	-2.68107	-0.859746
6.01	7.56144	7.7432	60	-1.7431	-3.70549
6.02	9.77042	9.46036	60.1	4.22798	-0.311361
6.03	10.396	10.2636	60.2	1.36803	3.1474
6.04	10.0013	10.0832	60.3	1.8215	-1.71489
6.05	9.80048	9.21759	60.4	1.10927	1.77978
6.06	7.73283	8.15758	60.5	-0.21858	0.517442
6.07	6.48862	7.32311	60.6	0.0123958	2.95305
6.08	7.20748	6.8595	60.7	3.3331	0.19401
6.09	6.96925	6.60133	60.8	0.774805	-3.74824
6.1	6.86544	6.21248	60.9	1.26616	1.8947
6.11	4.93499	5.41402	61	-4.51654	0.0267631
6.12	3.83334	4.17104	61.1	-1.92056	-2.45262
6.13	2.41099	2.74101	61.2	-0.804699	4.81729
6.14	1.75074	1.56557	61.3	-7.11308	2.06473
6.15	1.58291	1.06668	61.4	2.2295	-0.256282
6.16	1.5411	1.44823	61.5	-4.41903	3.01255
6.17	2.4153	2.59389	61.6	1.54935	-3.17054
6.18	3.9057	4.10233	61.7	1.36154	3.10325
6.19	5.06132	5.44109	61.8	-3.64468	-4.1477
6.2	6.58601	6.15189	61.9	5.63	1.91756
6.21	6.09954	6.02132	62	-1.066	1.82682
6.22	5.12208	5.14579	62.1	1.89375	-1.0295
6.23	3.96455	3.8646	62.2	4.86586	2.33619
6.24	2.34805	2.59445	62.3	-1.86365	-5.59621
6.25	1.73442	1.64659	62.4	1.71285	-0.995953
6.26	0.972495	1.11835	62.5	-1.41879	2.38492
6.27	1.08312	0.912184	62.6	-0.798357	3.31984
6.28	0.835634	0.863555	62.7	-2.71409	1.0627
6.29	0.85866	0.89291	62.8	-0.720198	0.376214
6.3	1.15897	1.07968	62.9	1.05141	-1.57798
6.31	1.69832	1.60348	63	-3.78497	0.855572
6.32	2.51507	2.58499	63.1	2.21698	-1.52962
6.33	3.67748	3.9315	63.2	-1.66413	0.664963
6.34	5.26807	5.29955	63.3	-3.67415	4.49175
6.35	6.37239	6.21897	63.4	-2.40056	-0.523834
6.36	6.68533	6.3197	63.5	-3.0609	0.720856
6.37	5.38329	5.53069	63.6	1.46968	2.14217
6.38	4.03269	4.13006	63.7	-1.14162	3.36478
6.39	2.27762	2.61193	63.8	3.88859	-1.40338
6.4	1.44829	1.4458	63.9	-0.577774	1.03038
6.41	1.15079	0.866507	64	0.0308444	2.05105
6.42	1.09665	0.808408	64.1	3.81546	-2.80679
6.43	0.930506	1.0046	64.2	-3.46625	2.46199
6.44	0.897967	1.17334	64.3	1.22314	-3.34758
6.45	0.926899	1.17163	64.4	4.0037	-1.85674
6.46	1.14753	1.03285	64.5	-2.35039	-0.0249944
6.47	1.22522	0.889182	64.6	2.4536	0.240932
6.48	0.797351	0.851459	64.7	-0.645672	-2.65278
6.49	0.879989	0.932862	64.8	0.746329	-1.11724
6.5	1.11813	1.05808	64.9	-1.02406	-2.34017
6.51	0.868532	1.13386	65	1.80937	-2.58839
6.52	1.14012	1.11896	65.1	0.694744	2.86169
6.53	1.16475	1.04313	65.2	3.37229	-5.31211
6.54	1.0409	0.970557	65.3	-1.86314	-2.99876
6.55	0.989361	0.94484	65.4	1.14355	-0.787759
6.56	0.911158	0.960239	65.5	0.998105	1.8401
6.57	0.896645	0.976759	65.6	-1.86333	0.813367
6.58	0.853408	0.960155	65.7	0.683769	1.25088
6.59	1.05304	0.911179	65.8	-1.00829	-4.44319
6.6	0.819132	0.861925	65.9	2.5501	3.19949
6.61	0.899773	0.846397	66	-1.69487	0.753497
6.62	0.984123	0.872505	66.1	-1.27793	3.2457
6.63	0.780477	0.918309	66.2	2.05579	4.6476
6.64	0.952975	0.952907	66.3	-4.12123	-3.14947
6.65	0.843402	0.961865	66.4	1.11012	2.59168
6.66	1.02766	0.955408	66.5	-2.93667	2.53543
6.67	1.07671	0.954387	66.6	-0.153673	-3.28131
6.68	0.985865	0.968682	66.7	2.31211	-1.03471
6.69	0.905424	0.988199	66.8	-3.04988	0.0382623
6.7	0.964198	0.994167	66.9	0.0347049	-2.78427
6.71	0.948209	0.979587	67	-0.470515	4.49138
6.72	1.04244	0.959306	67.1	0.709185	-1.35316
6.73	0.88183	0.959372	67.2	5.7239	5.06859
6.74	1.05377	0.99392	67.3	1.51303	-0.683764
6.75	1.08179	1.04959	67.4	1.21514	1.03519
6.76	1.09809	1.09193	67.5	-2.73089	1.88503
6.77	1.04996	1.09015	67.6	0.450523	1.7271
6.78	1.00206	1.04073	67.7	2.29335	-1.3776
6.79	0.914107	0.97097	67.8	-0.316919	1.4342
6.8	0.95853	0.919408	67.9	2.74122	2.42269
6.81	1.06876	0.908629	68	-1.83111	3.00841
6.82	0.922064	0.93179	68.1	-3.84013	-2.30571
6.83	0.805676	0.96237	68.2	0.593187	2.89086
6.84	0.976928	0.977553	68.3	-4.25437	2.27788
6.85	0.979563	0.975126	68.4	4.64057	1.8478
6.86	1.08334	0.970431	68.5	0.000962706	2.69031
6.87	0.891046	0.977754	68.6	-3.21296	-3.84172
6.88	1.00279	0.99405	68.7	-0.0117869	-0.0601812
6.89	1.134	1.00048	68.8	-0.87879	-3.35072
6.9	0.840569	0.980939	68.9	0.689828	-2.55956
6.91	0.894799	0.940743	69	-0.208333	2.20904
6.92	0.976004	0.907207	69.1	-4.08939	-0.913299
6.93	0.859528	0.909031	69.2	0.767718	0.794555
6.94	1.02799	0.950495	69.3	-1.02355	-0.0245931
6.95	1.05125	1.0031	69.4	-1.0018	-2.247
6.96	1.0191	1.02443	69.5	-0.119376	0.561006
6.97	0.83298	0.991592	69.6	-2.54534	-1.10096
6.98	0.929127	0.922679	69.7	0.0778059	3.40689
6.99	0.929826	0.867148	69.8	-0.412966	-0.326269
7	0.989545	0.869903	69.9	1.71359	-0.361828
7.01	0.852909	0.935627	70	-0.686362	1.9769
7.02	0.968555	1.02168	70.1	0.828868	-3.26047
7.03	1.17901	1.067	70.2	1.71816	2.03488
7.04	0.841315	1.03666	70.3	0.25021	2.34315
7.05	1.08145	0.948623	70.4	-2.79711	-0.319737
7.06	0.834582	0.86203	70.5	0.868339	-0.250198
7.07	0.888665	0.835328	70.6	-0.86777	-1.75696
7.08	0.871417	0.885491	70.7	1.92415	1.39722
7.09	0.989125	0.978586	70.8	-2.70054	0.656685
7.1	0.978309	1.05764	70.9	-1.25796	-0.749968
7.11	1.04724	1.08525	71	-1.83473	1.40714
7.12	1.14871	1.06777	71.1	1.01307	-4.8605
7.13	1.14866	1.04375	71.2	4.78275	-2.27367
7.14	0.928914	1.04776	71.3	1.76918	-0.923728
7.15	1.04546	1.08021	71.4	-6.72011	-4.82539
7.16	1.21694	1.10788	71.5	1.32125	0.581698
7.17	0.9796	1.09404	71.6	-5.0474	-3.38647
7.18	1.0921	1.03264	71.7	-0.464982	-0.177033
7.19	0.909987	0.957223	71.8	-6.26151	-3.17887
7.2	0.988533	0.916285	71.9	-0.618534	0.790976
7.21	1.00276	0.934174	72	-2.61039	3.43637
7.22	0.82265	0.989843	72.1	-0.432332	-2.21448
7.23	1.09287	1.03187	72.2	3.38706	1.14016
7.24	0.952183	1.01926	72.3	-2.33036	0.622674
7.25	1.08683	0.956056	72.4	-0.871235	-3.41911
7.26	0.869269	0.891392	72.5	-1.11709	4.0683
7.27	0.858426	0.883334	72.6	-3.08299	-1.81356
7.28	0.938176	0.953535	72.7	0.300699	-1.63775
7.29	1.01781	1.0678	72.8	-2.11747	-2.81108
7.3	1.21998	1.15835	72.9	-2.95951	-3.58737
7.31	1.16765	1.17169	73	0.87763	5.21826
7.32	1.15811	1.10613	73.1	-2.78061	2.02654
7.33	0.945068	1.01101	73.2	3.4543	-1.07441
7.34	0.95848	0.948911	73.3	-1.27398	1.00036
7.35	0.91705	0.950191	73.4	1.80525	-2.0029
7.36	1.01587	0.994181	73.5	2.63875	1.35035
7.37	1.0512	1.02999	73.6	-2.99106	3.10716
7.38	1.09008	1.01906	73.7	1.10648	0.189155
7.39	0.864037	0.965512	73.8	1.0487	3.99535
7.4	0.893193	0.911076	73.9	-6.4471	-1.21428
7.41	0.938523	0.899965	74	1.43872	2.00372
7.42	0.903087	0.942614	74.1	-3.37046	2.51803
7.43	1.13795	1.00736	74.2	1.96194	-1.4276
7.44	0.952893	1.0463	74.3	-3.13524	-0.762748
7.45	1.01619	1.03413	74.4	-1.66022	0.498203
7.46	1.0372	0.988662	74.5	1.51627	0.260215
7.47	0.856672	0.956587	74.6	-2.49882	0.807095
7.48	1.06122	0.97567	74.7	4.39274	0.0549615
7.49	1.06779	1.04343	74.8	-2.30683	0.610948
7.5	1.11275	1.11712	74.9	-1.62702	-3.07734
7.51	1.12274	1.14533	75	-0.353525	2.37505
7.52	1.04227	1.10695	75.1	1.20846	-1.16717
7.53	1.06315	1.02767	75.2	1.85121	-1.04445
7.54	0.990722	0.961679	75.3	-1.95083	1.68459
7.55	0.986773	0.952797	75.4	0.117342	-2.33597
7.56	0.958069	1.00415	75.5	-1.26235	1.73489
7.57	1.09065	1.07813	75.6	-1.86737	1.89927
7.58	1.09025	1.12488	75.7	3.75811	3.32142
7.59	1.15259	1.11689	75.8	4.07253	3.17102
7.6	1.01874	1.06445	75.9	-3.51238	-0.934914
7.61	1.04356	1.00321	76	-1.20155	-1.20479
7.62	1.0012	0.966267	76.1	-0.713736	0.186715
7.63	0.934786	0.96335	76.2	1.66264	0.0127252
7.64	0.971105	0.981063	76.3	4.35865	1.9713
7.65	0.966322	1.00008	76.4	-0.949161	-3.54512
7.66	1.00873	1.01232	76.5	-1.51624	3.60805
7.67	1.09228	1.02352	76.6	-0.645224	2.05555
7.68	1.01086	1.041	76.7	-0.778776	0.33088
7.69	1.10414	1.06008	76.8	3.66445	-0.733414
7.7	1.01177	1.06307	76.9	-0.385819	0.87792
7.71	0.984026	1.03341	77	3.26014	4.89186
7.72	1.00428	0.972935	77.1	-4.4148	4.51689
7.73	0.983115	0.906445	77.2	3.71501	2.84519
7.74	0.800407	0.867614	77.3	2.07844	1.52895
7.75	0.897042	0.875915	77.4	-0.269316	-3.11514
7.76	0.956017	0.922436	77.5	5.60637	-3.00466
7.77	0.876148	0.976117	77.6	0.998303	2.46267
7.78	1.03091	1.00599	77.7	-1.98951	-2.32725
7.79	1.08107	1.00234	77.8	4.87145	2.35185
7.8	0.973222	0.980797	77.9	-2.5818	-0.665323
7.81	0.913241	0.967068	78	-1.01777	-0.227008
7.82	0.937037	0.975638	78.1	1.02928	-0.044667
7.83	1.06664	0.999791	78.2	0.0904362	-3.00071
7.84	1.07773	1.0204	78.3	1.88091	0.774553
7.85	0.91182	1.02484	78.4	-3.13053	-0.421718
7.86	1.06612	1.01889	78.5	-1.25493	0.722166
7.87	0.974179	1.02086	78.6	-1.53412	2.38108
7.88	1.14379	1.04254	78.7	-1.11743	-0.758923
7.89	0.961467	1.07423	78.8	6.52881	-1.19341
7.9	1.26223	1.08813	78.9	-1.92604	0.792977
7.91	0.842367	1.05989	79	0.627348	2.72882
7.92	1.04934	0.991662	79.1	-2.03601	0.718182
7.93	1.02181	0.91698	79.2	-1.83825	-0.216976
7.94	0.836112	0.880852	79.3	-1.11209	-4.35284
7.95	0.85137	0.908041	79.4	1.09878	-1.40653
7.96	1.05227	0.983195	79.5	0.395945	-2.79945
7.97	0.981199	1.05899	79.6	-0.614912	0.819862
7.98	1.13939	1.08785	79.7	0.936475	-2.21639
7.99	1.08462	1.05463	79.8	2.83308	4.91966
8	0.961952	0.986422	79.9	-0.343269	-0.619867
8.01	0.876801	0.932052	80	0.916352	0.333587
8.02	0.956268	0.926718	80.1	-0.391551	1.89215
8.03	1.02183	0.967881	80.2	-0.552717	-0.574383
8.04	0.982437	1.01992	80.3	3.23599	-1.54145
8.05	1.05758	1.04309	80.4	1.18967	5.86038
8.06	0.947999	1.02409	80.5	1.40276	-5.68342
8.07	1.0814	0.985109	80.6	4.47947	0.0933234
8.08	0.915376	0.964881	80.7	-4.2653	0.64351
8.09	1.0273	0.987338	80.8	2.92381	-1.91448
8.1	0.984753	1.04228	80.9	1.05477	6.34015
8.11	1.12798	1.09298	81	-5.72694	-7.97753
8.12	1.11658	1.10447	81.1	5.58598	0.638632
8.13	1.07109	1.07037	81.2	-3.93661	2.3601
8.14	0.9676	1.01752	81.3	2.99048	-1.8485
8.15	0.995835	0.984978	81.4	7.82455	3.44549
8.16	1.01088	0.993828	81.5	-5.45289	-0.243984
8.17	1.10582	1.03093	81.6	4.14786	-1.05181
8.18	0.989795	1.05903	81.7	0.468191	6.03754
8.19	0.996044	1.04528	81.8	-1.33675	-5.59276
8.2	1.00278	0.986593	81.9	8.48978	0.152081
8.21	1.02106	0.912828	82	-4.30107	-1.95075
8.22	0.730221	0.866043	82.1	-1.19207	-2.62487
8.23	0.917892	0.871641	82.2	4.1593	6.50119
8.24	1.01323	0.922716	82.3	-3.4726	-0.699596
8.25	0.952335	0.988091	82.4	4.3155	-5.50601
8.26	0.879103	1.0365	82.5	-2.90818	1.94279
8.27	1.12817	1.05783	82.6	-2.62075	-4.73876
8.28	1.23863	1.06576	82.7	1.38911	5.23213
8.29	0.892002	1.0813	82.8	-5.1789	1.57303
8.3	1.18227	1.11144	82.9	4.24579	-2.94794
8.31	1.21217	1.1404	83	-2.61905	0.0308013
8.32	0.97769	1.14071	83.1	1.09277	-4.25105
8.33	1.1899	1.09563	83.2	-1.09748	1.87865
8.34	0.933228	1.01556	83.3	0.070621	-0.103059
8.35	1.04497	0.935647	83.4	8.70138	1.00038
8.36	0.913051	0.895462	83.5	-4.8656	-0.305734
8.37	0.941395	0.914804	83.6	-1.99549	-6.24233
8.38	0.816318	0.98204	83.7	0.53708	4.21448
8.39	1.01946	1.06222	83.8	-3.48994	2.13079
8.4	1.2591	1.11854	83.9	9.1974	-1.06291
8.41	1.24047	1.13232	84	-2.29449	1.59013
8.42	1.04168	1.10937	84.1	-0.464071	-12.7092
8.43	0.948144	1.0708	84.2	2.63139	7.77417
8.44	1.01968	1.03701	84.3	-7.60171	1.66868
8.45	1.10751	1.01635	84.4	11.3269	-5.81475
8.46	1.07542	1.00492	84.5	-3.98273	7.61313
8.47	0.935884	0.994905	84.6	-9.57408	-6.57229
8.48	0.891733	0.983534	84.7	3.79119	4.91182
8.49	1.05842	0.975772	84.8	-8.48669	7.47371
8.5	1.02992	0.979842	84.9	8.33863	-4.69896
8.51	0.924837	1.00015	85	-0.287639	4.05245
8.52	1.0003	1.03336	85.1	-8.48842	-6.69237
8.53	1.11588	1.07012	85.2	8.5865	1.85341
8.54	1.11891	1.10025	85.3	-1.82475	12.1389
8.55	1.21015	1.11732	85.4	1.52804	-3.42692
8.56	0.880782	1.11993	85.5	7.29594	-5.24113
8.57	1.2558	1.1102	85.6	-6.36182	-7.0625
8.58	1.09927	1.0919	85.7	0.948578	-0.332888
8.59	1.0952	1.06991	85.8	-2.55401	5.16127
8.6	0.965359	1.05036	85.9	0.169639	0.485647
8.61	1.0446	1.03955	86	4.2451	-0.427266
8.62	1.05089	1.04089	86.1	-6.55514	-2.46553
8.63	1.16073	1.05135	86.2	-4.78802	0.615725
8.64	0.979187	1.06077	86.3	4.63611	4.59123
8.65	1.03097	1.05606	86.4	7.24937	6.40029
8.66	1.01665	1.02905	86.5	0.967352	-5.72262
8.67	0.94861	0.983149	86.6	-1.86324	-8.52345
8.68	1.07065	0.934125	86.7	-0.608908	11.8569
8.69	0.910498	0.90316	86.8	-0.0171509	-1.27593
8.7	0.798589	0.90561	86.9	13.064	1.09297
8.71	0.92673	0.941965	87	-6.2856	6.15995
8.72	1.02026	0.996705	87.1	-2.00894	-16.2052
8.73	1.06871	1.04611	87.2	9.44618	10.2682
8.74	1.10664	1.07066	87.3	-18.2825	-0.352348
8.75	1.03376	1.06474	87.4	21.2286	-9.48879
8.76	1.06535	1.03803	87.5	1.30225	13.192
8.77	0.932352	1.00813	87.6	-13.687	-23.7971
8.78	0.994365	0.989105	87.7	15.7603	11.1191
8.79	1.04887	0.983326	87.8	-22.0991	16.5558
8.8	0.983864	0.981483	87.9	15.4351	-22.1503
8.81	0.925763	0.970649	88	11.8645	18.4535
8.82	0.904027	0.944996	88.1	-27.0796	-22.6756
8.83	1.03658	0.911988	88.2	18.1567	-3.86116
8.84	0.85962	0.889555	88.3	-11.607	30.9454
8.85	0.794399	0.895429	88.4	7.91299	-25.9641
8.86	0.982444	0.935031	88.5	19.0923	10.8713
8.87	0.948251	0.995692	88.6	-25.7774	-2.35165
8.88	1.19346	1.05155	88.7	12.9803	-13.74
8.89	1.05473	1.07699	88.8	-5.88859	28.7797
8.9	1.01563	1.06099	88.9	-0.691747	-12.2956
8.91	0.922269	1.01364	89	21.8605	4.15924
8.92	0.967115	0.960691	89.1	-18.9657	-4.21951
8.93	1.03773	0.928976	89.2	0.884545	-15.4294
8.94	0.954529	0.931455	89.3	-1.24675	24.6237
8.95	0.956216	0.960906	89.4	-6.10795	-4.05267
8.96	0.932097	0.99592	89.5	18.4995	-4.73736
8.97	0.904361	1.01516	89.6	-13.3358	-3.62026
8.98	1.16765	1.01071	89.7	0.689745	-4.69701
8.99	0.945094	0.992089	89.8	-6.43336	17.4459
9	1.04026	0.978756	89.9	2.26729	-7.59319
9.01	0.954969	0.986345	90	14.9042	2.60957
9.02	0.966243	1.01583	90.1	-15.0122	-9.1524
9.03	1.06767	1.05255	90.2	2.52169	-3.8149
9.04	1.11047	1.07543	90.3	-10.9786	24.2249
9.05	1.02658	1.07007	90.4	3.90281	-9.48953
9.06	0.997374	1.03744	90.5	27.1401	3.14394
9.07	1.14169	0.99287	90.6	-22.0416	-7.54031
9.08	0.931651	0.956892	90.7	2.78896	-10.8389
9.09	0.84213	0.943917	90.8	-3.87717	30.6846
9.1	0.915431	0.955683	90.9	-7.35857	-8.36828
9.11	1.07275	0.982421	91	31.656	-7.65908
9.12	1.04517	1.00976	91.1	-19.4102	1.13376
9.13	0.982347	1.02639	91.2	-7.50131	-21.7321
9.14	1.06333	1.02814	91.3	8.93932	23.8844
9.15	0.939233	1.01746	91.4	-12.0847	3.19244
9.16	1.05212	1.00007	91.5	20.9281	-16.2449
9.17	0.936346	0.981723	91.6	-3.4038	-1.35216
9.18	1.03148	0.966585	91.7	-19.4463	-15.3363
9.19	0.924085	0.95713	91.8	9.61736	-1.61188
9.2	0.987892	0.9543	91.9	4.55634	19.6782
9.21	0.892132	0.957373	92	0.921826	-17.6407
9.22	1.02927	0.963922	92.1	17.0059	-11.0582
9.23	0.933361	0.970602	92.2	-28.2661	10.6602
9.24	0.956198	0.974756	92.3	-9.65536	-11.4537
9.25	1.00131	0.975844	92.4	30.7722	24.3469
9.26	0.997664	0.975473	92.5	-16.1586	-0.316069
9.27	0.950197	0.975777	92.6	14.6975	-41.5864
9.28	1.02432	0.977302	92.7	0.344466	35.6547
9.29	0.881128	0.978135	92.8	-43.1664	-14.5256
9.3	1.03963	0.975179	92.9	54.455	-5.42146
9.31	0.942319	0.96682	93	-15.4274	34.5043
9.32	0.969035	0.955025	93.1	-11.6598	-57.4616
9.33	0.982472	0.945223	93.2	34.7188	33.1743
9.34	0.908236	0.943854	93.3	-67.6429	15.6123
9.35	0.954833	0.95508	93.4	47.2573	-36.3913
9.36	0.899182	0.978599	93.5	15.0155	59.957
9.37	1.149	1.0096	93.6	-36.7445	-63.7899
9.38	1.02542	1.04051	93.7	52.9791	-3.24587
9.39	0.941526	1.06327	93.8	-64.7101	56.0368
9.4	1.13449	1.07144	93.9	17.6176	-50.5911
9.41	1.14334	1.06193	94	52.3997	48.7793
9.42	0.943262	1.03647	94.1	-65.4631	-33.8556
9.43	1.07748	1.00238	94.2	41.9219	-27.7733
9.44	0.805696	0.971555	94.3	-27.4133	67.6868
9.45	1.09994	0.956533	94.4	-4.22794	-50.519
9.46	0.985874	0.96476	94.5	59	19.374
9.47	0.946729	0.993705	94.6	-59.7709	-3.85863
9.48	1.00765	1.03036	94.7	22.2055	-39.7433
9.49	1.12748	1.05662	94.8	-8.49029	51.1772
9.5	0.92339	1.05846	94.9	-19.7491	-21.203
9.51	1.0987	1.03385	95	46.0038	14.8998
9.52	1.06441	0.99439	95.1	-22.7108	-14.6828
9.53	0.970123	0.959224	95.2	5.79909	-26.9099
9.54	0.852709	0.944675	95.3	-24.7553	36.2195
9.55	0.936664	0.95573	95.4	9.25105	-2.1802
9.56	1.06936	0.984563	95.5	32.2826	12.9901
9.57	0.906471	1.01655	95.6	-27.2733	-37.0395
9.58	1.21146	1.03947	95.7	4.11522	-4.08244
9.59	0.936717	1.0498	95.8	-28.5781	41.5961
9.6	1.04924	1.05233	95.9	31.5663	-29.8797
9.61	1.1076	1.05438	96	18.8064	26.6861
9.62	1.00514	1.05917	96.1	-47.7686	-30.9557
9.63	1.00298	1.06337	96.2	45.6996	-11.7993
9.64	1.21562	1.06021	96.3	-47.4571	42.8511
9.65	1.00138	1.04548	96.4	7.49964	-48.187
9.66	0.963411	1.02171	96.5	46.166	57.4428
9.67	1.03688	0.997592	96.6	-46.9777	-35.3682
9.68	0.937795	0.983178	96.7	44.3619	-44.5625
9.69	1.03135	0.984362	96.8	-56.7948	75.2158
9.7	0.943659	1.0002	96.9	3.97236	-32.9216
9.71	1.11992	1.02427	97	85.3401	27.9612
9.72	1.05597	1.04837	97.1	-71.8951	-29.1902
9.73	0.942026	1.06562	97.2	29.3511	-42.2218
9.74	1.09911	1.07144	97.3	-25.0571	86.6453
9.75	1.09455	1.06295	97.4	-1.9073	-43.9845
9.76	1.10009	1.03884	97.5	60.1043	4.96883
9.77	0.954254	1.0008	97.6	-67.1543	7.23955
9.78	0.916163	0.955618	97.7	44.5297	-34.7584
9.79	0.938337	0.915445	97.8	-24.5021	39.3253
9.8	0.858412	0.894545	97.9	-17.2551	-26.1353
9.81	1.06645	0.903018	98	60.6593	39.2068
9.82	0.706208	0.940798	98.1	-36.9458	-20.6698
9.83	1.16127	0.995774	98.2	45.5778	-44.4482
9.84	0.977418	1.04796	98.3	-74.0289	52.9801
9.85	1.07794	1.07817	98.4	10.4531	-15.024
9.86	1.16449	1.07682	98.5	90.2306	41.274
9.87	0.95355	1.04826	98.6	-88.9625	-63.0594
9.88	0.984875	1.00832	98.7	58.1697	-24.5423
9.89	1.03195	0.97637	98.8	-61.8718	92.9713
9.9	1.01632	0.966248	98.9	8.02875	-72.7376
9.91	0.887393	0.980519	99	99.2857	49.3849
9.92	1.05029	1.01085	99.1	-140.389	-20.8492
9.93	1.08079	1.04376	99.2	108.542	-61.5787
9.94	0.974365	1.06841	99.3	-35.7841	103.442
9.95	1.11863	1.08178	99.4	-76.6346	-96.0171
9.96	1.14399	1.08875	99.5	157.495	65.0673
9.97	1.09505	1.09688	99.6	-126.788	24.3732
9.98	1.03182	1.10952	99.7	71.4735	-135.91
9.99	1.16643	1.12166	99.8	-8.48957	132.046
10	1.11529	1.12174	99.9	-122.029	-45.6571
